1996 46 17 8 9 15 7 13 4 
1996 47 27 46 16 31 22 5 47 
1996 48 20 24 26 14 3 40 44 
1996 49 16 9 18 20 35 5 46 
1996 50 33 24 11 43 15 1 14 
1996 51 15 26 7 6 20 44 42 
1996 52 46 2 20 6 42 47 5 
1996 53 2 43 45 33 40 26 46 
1996 54 45 36 8 24 39 44 12 
1996 55 41 22 36 16 17 30 39 
1996 56 37 11 46 9 45 26 13 
1996 57 24 23 32 6 21 7 12 
1996 58 6 32 3 13 15 44 40 
1996 59 10 25 27 38 15 12 11 
1996 60 43 33 28 41 14 8 42 
1996 61 44 19 30 5 6 36 43 
1996 62 42 5 33 19 22 34 12 
1996 63 40 6 4 46 19 43 47 
1996 64 16 1 47 22 25 26 5 
1996 65 19 37 10 1 36 27 21 
1996 66 3 17 2 5 42 32 39 
1996 67 35 26 36 28 13 38 39 
1996 68 9 7 10 43 45 31 30 
1996 69 36 47 21 46 39 14 16 
1996 70 22 18 4 20 6 44 46 
1996 71 21 43 30 7 31 45 12 
1996 72 3 22 20 12 16 25 38 
1996 73 24 27 12 30 28 33 5 
1996 74 36 2 30 37 25 22 14 
1996 75 31 26 30 40 23 9 13 
1996 76 14 8 17 45 10 27 9 
1996 77 36 5 40 12 11 42 31 
1996 78 17 7 24 23 30 32 11 
1996 79 10 43 38 28 29 6 13 
1996 80 20 10 47 33 29 32 31 
1996 81 16 23 17 15 24 26 7 
1996 82 45 3 14 35 17 24 7 
1996 83 42 3 43 9 10 17 16 
1996 84 36 18 32 33 2 26 40 
1996 85 9 36 12 26 22 5 2 
1996 86 29 27 38 20 30 37 34 
1996 87 19 14 46 21 44 30 34 
1996 88 38 37 26 4 33 14 1 
1996 89 5 15 8 3 10 4 18 
1996 90 5 2 32 37 11 15 41 
1996 91 15 8 9 46 10 44 16 
1996 92 3 41 23 29 39 5 13 
1996 93 7 29 47 42 8 6 34 
1996 94 1 40 26 39 46 2 7 
1996 95 18 30 32 27 4 12 31 
1996 96 14 23 18 29 9 11 46 
1996 97 45 23 31 20 35 4 22 
1996 98 20 1 16 4 15 40 30 
1996 99 21 9 43 12 25 30 26 
1996 100 22 25 36 23 14 11 6 
1996 101 40 25 28 41 2 30 31 
1996 102 29 19 37 45 23 11 7 
1996 103 9 16 47 2 4 37 24 
1996 104 9 11 20 43 40 14 45 
1996 105 25 46 47 33 35 22 5 
1996 106 21 15 14 9 40 24 46 
1997 1 28 30 26 38 33 16 47 
1997 2 38 13 42 5 39 2 8 
1997 3 20 29 24 9 44 14 33 
1997 4 27 45 17 12 33 26 44 
1997 5 16 12 38 2 42 37 22 
1997 6 39 44 45 46 28 2 3 
1997 7 12 20 36 14 41 29 10 
1997 8 14 5 27 37 12 33 11 
1997 9 47 12 4 13 8 34 14 
1997 10 34 43 40 29 37 39 32 
1997 11 28 14 8 10 27 29 17 
1997 12 34 26 25 30 2 11 37 
1997 13 39 1 27 14 29 5 44 
1997 14 35 9 24 16 14 29 17 
1997 15 36 4 8 9 41 39 7 
1997 16 32 34 28 29 20 24 4 
1997 17 7 39 32 21 19 24 46 
1997 18 40 9 36 16 18 1 6 
1997 19 21 26 23 34 7 32 6 
1997 20 21 3 36 34 9 8 12 
1997 21 43 9 6 28 21 15 17 
1997 22 1 46 23 22 45 39 26 
1997 23 32 24 44 26 15 28 11 
1997 24 40 41 29 2 46 35 45 
1997 25 16 46 25 9 36 4 12 
1997 26 10 22 43 5 18 3 12 
1997 27 13 25 18 6 39 21 5 
1997 28 1 42 36 10 9 3 47 
1997 29 18 4 2 22 45 13 25 
1997 30 40 8 2 46 3 1 18 
1997 31 10 30 16 22 5 37 14 
1997 32 22 10 31 21 16 47 12 
1997 33 29 39 19 15 4 17 33 
1997 34 43 19 35 31 12 41 4 
1997 35 27 41 32 35 37 1 5 
1997 36 10 15 3 38 37 7 42 
1997 37 7 11 14 10 16 21 17 
1997 38 28 15 30 16 14 44 33 
1997 39 32 14 30 1 11 27 38 
1997 40 9 27 42 23 28 5 22 
1997 41 4 19 8 2 36 37 44 
1997 42 29 36 22 15 6 40 35 
1997 43 39 6 25 47 35 24 43 
1997 44 31 46 42 14 35 25 45 
1997 45 42 34 31 45 37 44 35 
1997 46 8 45 17 26 7 39 22 
1997 47 20 31 40 27 12 38 47 
1997 48 3 22 18 38 16 45 5 
1997 49 11 37 10 38 28 19 34 
1997 50 42 38 17 32 39 30 4 
1997 51 18 7 1 17 4 9 40 
1997 52 14 41 18 26 28 3 23 
1997 53 5 20 16 19 30 10 34 
1997 54 26 23 34 6 42 35 27 
1997 55 17 19 34 1 12 22 15 
1997 56 3 45 10 33 1 14 30 
1997 57 37 35 13 19 46 3 39 
1997 58 28 25 17 10 6 34 9 
1997 59 37 40 15 14 45 17 39 
1997 60 16 22 15 28 2 36 14 
1997 61 16 34 33 37 12 27 43 
1997 62 24 32 16 37 21 45 29 
1997 63 26 30 2 36 22 9 38 
1997 64 32 28 43 3 8 42 41 
1997 65 40 29 5 2 4 27 9 
1997 66 19 35 37 31 42 38 18 
1997 67 18 30 34 24 12 35 20 
1997 68 38 17 34 3 29 22 14 
1997 69 19 32 16 33 3 15 26 
1997 70 18 10 45 42 8 26 14 
1997 71 42 30 28 9 47 6 35 
1997 72 14 26 2 6 42 33 40 
1997 73 29 45 2 42 18 7 10 
1997 74 43 47 37 1 27 44 22 
1997 75 47 14 31 15 6 9 42 
1997 76 28 19 8 33 5 32 44 
1997 77 32 14 10 9 41 30 37 
1997 78 42 1 27 15 46 34 33 
1997 79 31 45 38 28 6 24 13 
1997 80 26 24 22 43 8 37 6 
1997 81 26 12 42 24 8 29 6 
1997 82 8 14 25 31 32 5 18 
1997 83 6 11 24 18 27 29 7 
1997 84 35 13 41 21 7 27 38 
1997 85 16 38 14 25 24 35 29 
1997 86 25 14 29 35 41 23 8 
1997 87 4 14 32 34 41 2 5 
1997 88 34 23 29 7 15 26 18 
1997 89 37 24 45 38 3 5 6 
1997 90 24 25 14 16 27 33 47 
1997 91 29 36 35 47 7 17 44 
1997 92 24 37 9 20 18 39 35 
1997 93 24 40 12 33 46 3 1 
1997 94 7 41 42 35 30 14 20 
1997 95 5 40 19 26 2 1 24 
1997 96 40 44 13 42 11 8 36 
1997 97 22 27 19 29 46 28 21 
1997 98 17 9 22 13 41 18 26 
1997 99 43 45 36 42 21 25 47 
1997 100 21 34 3 23 37 17 1 
1997 101 47 7 14 30 4 20 9 
1997 102 47 5 12 8 16 40 22 
1997 103 13 43 9 36 22 34 35 
1997 104 24 14 19 30 36 45 23 
1998 1 39 22 10 35 37 5 25 
1998 2 47 15 31 41 9 32 14 
1998 3 32 8 4 33 35 11 3 
1998 4 33 44 26 43 25 1 18 
1998 5 11 22 27 43 3 4 37 
1998 6 25 45 13 34 19 35 24 
1998 7 13 20 45 31 26 1 40 
1998 8 29 11 22 4 30 45 25 
1998 9 9 14 16 30 17 13 39 
1998 10 11 17 25 28 43 3 26 
1998 11 37 2 17 9 15 8 28 
1998 12 31 1 30 28 33 6 22 
1998 13 24 26 11 15 32 25 30 
1998 14 44 35 37 30 32 29 21 
1998 15 34 32 12 27 19 25 1 
1998 16 23 19 26 27 2 46 30 
1998 17 42 23 1 33 12 10 39 
1998 18 16 20 22 1 17 40 34 
1998 19 43 46 41 20 23 22 8 
1998 20 5 47 22 29 26 24 1 
1998 21 37 30 25 36 40 19 14 
1998 22 15 14 24 34 2 43 25 
1998 23 34 19 45 17 47 2 12 
1998 24 34 28 46 15 22 1 14 
1998 25 11 18 15 5 37 36 39 
1998 26 45 7 12 44 6 46 23 
1998 27 15 19 37 33 21 17 2 
1998 28 16 31 6 24 2 22 32 
1998 29 13 32 46 7 25 28 17 
1998 30 47 3 30 7 38 35 39 
1998 31 42 23 47 22 34 1 39 
1998 32 27 42 11 20 45 12 25 
1998 33 29 26 38 32 5 24 19 
1998 34 23 42 11 30 45 22 39 
1998 35 17 41 23 13 4 33 9 
1998 36 37 11 24 38 46 43 18 
1998 37 39 4 27 19 34 12 42 
1998 38 26 2 15 30 12 16 24 
1998 39 39 6 34 2 33 24 26 
1998 40 26 13 37 25 17 38 16 
1998 41 7 12 28 15 2 31 19 
1998 42 36 43 32 18 15 1 31 
1998 43 7 20 46 37 3 5 16 
1998 44 16 34 47 33 19 4 39 
1998 45 12 8 39 3 7 1 34 
1998 46 35 29 18 11 23 39 36 
1998 47 22 39 24 28 29 23 38 
1998 48 18 5 41 33 13 23 37 
1998 49 12 5 3 29 45 36 40 
1998 50 35 33 19 27 7 43 9 
1998 51 15 4 38 36 39 5 46 
1998 52 28 4 21 13 42 12 41 
1998 53 43 2 29 9 32 5 47 
1998 54 35 25 31 47 11 44 30 
1998 55 35 43 29 45 30 4 25 
1998 56 22 45 6 30 32 1 16 
1998 57 28 45 22 39 9 20 19 
1998 58 28 39 35 8 12 3 37 
1998 59 8 44 12 24 23 5 31 
1998 60 2 27 26 13 25 24 23 
1998 61 22 35 32 36 20 30 33 
1998 62 3 25 24 22 41 2 27 
1998 63 1 23 18 5 3 14 25 
1998 64 17 24 40 35 3 34 15 
1998 65 28 16 1 32 36 38 14 
1998 66 46 26 22 25 40 16 44 
1998 67 28 41 15 36 21 2 3 
1998 68 42 27 14 31 1 35 5 
1998 69 30 26 34 16 17 35 13 
1998 70 47 17 12 46 15 29 23 
1998 71 38 15 35 10 18 39 12 
1998 72 18 20 47 23 43 19 40 
1998 73 42 28 47 27 43 40 34 
1998 74 14 7 18 34 19 4 20 
1998 75 42 39 23 46 14 21 37 
1998 76 22 17 21 15 1 12 29 
1998 77 34 5 24 44 36 33 42 
1998 78 22 20 2 17 33 29 25 
1998 79 47 6 35 45 8 13 9 
1998 80 11 40 26 5 14 31 13 
1998 81 26 34 12 8 9 23 47 
1998 82 44 12 5 4 46 40 35 
1998 83 41 43 4 42 39 12 31 
1998 84 3 37 15 32 14 21 29 
1998 85 31 38 19 17 12 37 20 
1998 86 5 20 30 22 31 33 19 
1998 87 17 47 15 19 39 11 28 
1998 88 44 17 3 9 8 27 25 
1998 89 21 47 18 9 31 40 34 
1998 90 12 30 45 41 11 37 2 
1998 91 8 40 38 15 27 1 14 
1998 92 6 17 5 34 37 4 2 
1998 93 18 21 19 1 11 34 12 
1998 94 28 13 20 14 43 2 31 
1998 95 34 42 11 7 33 25 45 
1998 96 29 18 40 31 35 28 34 
1998 97 32 22 27 41 10 26 13 
1998 98 2 9 27 30 24 32 19 
1998 99 29 42 45 36 34 44 26 
1998 100 42 19 45 46 31 23 8 
1998 101 38 7 1 33 23 32 41 
1998 102 7 1 6 5 8 13 32 
1998 103 10 17 34 41 23 40 24 
1998 104 8 41 32 10 1 6 38 
1998 105 26 34 33 11 36 1 16 
1998 106 7 32 44 4 6 47 37 
1998 107 35 13 33 31 8 41 47 
1998 108 43 4 27 42 13 30 5 
1998 109 35 3 40 7 33 34 16 
1998 110 38 11 15 47 12 26 25 
1998 111 4 24 27 12 39 22 18 
1998 112 41 30 25 38 39 6 5 
1998 113 17 44 27 25 28 9 13 
1998 114 4 30 40 33 31 11 9 
1999 1 26 1 25 38 19 12 47 
1999 2 45 38 33 18 8 32 41 
1999 3 16 40 34 2 8 10 13 
1999 4 31 33 32 28 35 22 27 
1999 5 47 11 20 8 30 22 15 
1999 6 46 22 36 34 28 39 40 
1999 7 8 32 36 16 20 6 1 
1999 8 39 38 18 14 17 30 6 
1999 9 17 43 27 13 44 42 34 
1999 10 12 38 7 24 45 22 35 
1999 11 22 36 18 29 7 4 28 
1999 12 23 33 4 45 11 32 12 
1999 13 37 25 46 47 4 5 33 
1999 14 29 13 33 19 2 39 11 
1999 15 13 19 17 1 11 6 42 
1999 16 8 32 21 11 23 33 36 
1999 17 38 18 29 2 8 3 21 
1999 18 38 39 5 9 46 45 23 
1999 19 21 11 3 5 2 20 8 
1999 20 31 20 25 36 46 10 29 
1999 21 27 30 15 25 44 23 43 
1999 22 26 18 25 31 22 2 43 
1999 23 44 31 05 36 45 25 42 
1999 24 45 15 33 13 11 20 35 
1999 25 31 12 28 42 13 33 10 
1999 26 15 12 17 37 7 19 27 
1999 27 8 5 28 10 30 41 36 
1999 28 26 12 36 7 17 35 33 
1999 29 10 7 25 8 41 3 2 
1999 30 15 9 11 19 16 40 47 
1999 31 41 5 28 26 4 36 47 
1999 32 37 33 39 31 5 13 34 
1999 33 32 12 16 44 22 37 7 
1999 34 17 21 28 35 11 38 3 
1999 35 4 11 45 18 23 1 7 
1999 36 21 10 40 13 8 28 7 
1999 37 7 41 36 44 6 27 5 
1999 38 42 33 37 21 19 26 40 
1999 39 11 17 8 32 9 3 14 
1999 40 39 34 28 13 5 22 14 
1999 41 33 37 9 25 41 12 28 
1999 42 17 16 12 8 20 26 21 
1999 43 25 15 22 17 39 8 36 
1999 44 31 17 16 29 46 26 24 
1999 45 44 5 47 33 23 37 29 
1999 46 6 26 3 31 29 14 45 
1999 47 44 26 34 14 19 43 12 
1999 48 40 38 11 14 22 6 18 
1999 49 24 38 11 4 25 39 43 
1999 50 39 19 33 9 14 23 10 
1999 51 18 47 44 42 26 8 32 
1999 52 14 5 11 18 1 17 26 
1999 53 7 45 4 29 46 35 8 
1999 54 30 7 13 2 5 33 26 
1999 55 43 19 16 47 44 26 21 
1999 56 31 7 46 33 8 32 45 
1999 57 39 47 22 35 41 46 27 
1999 58 8 43 31 17 27 36 11 
1999 59 38 18 25 12 22 6 35 
1999 60 45 8 31 35 16 7 32 
1999 61 35 26 22 25 47 15 19 
1999 62 25 36 8 14 27 38 44 
1999 63 19 13 23 40 28 35 43 
1999 64 20 37 13 35 4 29 34 
1999 65 19 12 18 2 6 31 14 
1999 66 39 28 24 18 21 23 6 
1999 67 31 13 29 16 09 32 10 
1999 68 7 47 24 44 16 15 22 
1999 69 44 5 41 24 37 15 22 
1999 70 13 31 36 45 34 16 40 
1999 71 11 28 8 42 29 25 34 
1999 72 38 40 17 31 11 25 5 
1999 73 13 28 11 12 43 26 34 
1999 74 6 20 36 29 4 30 27 
1999 75 21 35 42 10 41 7 38 
1999 76 33 29 27 44 6 14 24 
1999 77 18 47 6 34 17 14 12 
1999 78 43 45 4 46 10 30 27 
1999 79 38 42 8 15 12 1 31 
1999 80 24 34 22 28 19 30 36 
1999 81 47 4 15 38 42 17 25 
1999 82 26 44 5 32 46 17 38 
1999 83 24 5 43 45 6 21 33 
1999 84 38 27 12 2 18 36 15 
1999 85 44 3 41 47 13 45 9 
1999 86 3 41 7 28 8 33 46 
1999 87 33 7 26 18 31 36 6 
1999 88 23 6 17 39 36 33 9 
1999 89 37 16 30 27 41 1 42 
1999 90 7 23 15 32 25 34 6 
1999 91 30 42 44 46 19 2 33 
1999 92 14 41 44 28 17 15 35 
1999 93 29 13 42 3 35 20 23 
1999 94 30 36 2 42 8 33 34 
1999 95 42 1 32 37 31 30 17 
1999 96 30 20 6 21 35 9 13 
1999 97 18 28 10 38 5 9 4 
1999 98 27 25 19 47 5 9 44 
1999 99 27 45 21 15 40 13 46 
1999 100 2 17 29 7 8 9 24 
1999 101 7 47 28 6 23 45 30 
1999 102 15 17 08 33 14 39 6 
1999 103 40 39 33 47 31 24 03 
1999 104 01 31 20 03 05 09 15 
1999 105 03 21 15 14 31 23 38 
1999 106 04 47 16 46 39 19 38 
1999 107 26 45 09 46 43 01 38 
1999 108 31 12 24 41 32 30 28 
1999 109 26 40 14 29 10 16 21 
1999 110 44 43 19 38 20 28 35 
2000 1 24 39 21 27 35 06 44 
2000 2 31 36 25 21 23 08 11 
2000 3 25 19 05 44 01 18 14 
2000 4 47 25 39 10 27 28 13 
2000 5 37 32 38 08 30 36 10 
2000 6 45 25 27 36 13 40 12 
2000 7 31 05 39 10 12 03 40 
2000 8 33 38 28 46 17 10 41 
2000 9 44 25 14 29 38 04 23 
2000 10 13 07 42 23 01 17 37 
2000 11 21 23 28 02 32 20 04 
2000 12 29 44 47 32 02 42 40 
2000 13 14 36 45 17 04 21 10 
2000 14 13 01 08 33 47 18 35 
2000 15 27 47 10 26 18 39 23 
2000 16 33 43 22 05 47 25 10 
2000 17 40 01 15 03 23 11 22 
2000 18 11 12 35 13 44 14 19 
2000 19 39 15 18 38 02 34 13 
2000 20 29 30 34 39 17 16 20 
2000 21 42 10 32 28 34 45 23 
2000 22 39 21 44 40 20 45 09 
2000 23 19 25 31 44 27 10 40 
2000 24 03 06 11 27 28 14 19 
2000 25 15 12 24 35 18 29 14 
2000 26 46 05 29 31 42 28 38 
2000 27 20 05 28 23 38 45 17 
2000 28 20 09 41 12 46 02 25 
2000 29 18 43 02 33 44 13 01 
2000 30 03 41 16 34 21 07 32 
2000 31 18 44 28 13 36 25 03 
2000 32 38 04 30 25 35 20 15 
2000 33 03 23 08 41 13 33 47 
2000 34 40 38 35 26 41 08 04 
2000 35 19 20 45 41 34 29 37 
2000 36 46 11 25 35 01 39 02 
2000 37 46 09 18 08 04 05 37 
2000 38 26 12 01 22 32 21 31 
2000 39 07 27 06 03 44 19 43 
2000 40 41 45 14 46 15 19 44 
2000 41 46 38 30 33 24 41 08 
2000 42 09 40 06 25 11 05 43 
2000 43 15 23 32 08 09 38 36 
2000 44 40 41 39 19 31 30 42 
2000 45 41 28 31 20 17 18 21 
2000 46 08 36 15 01 29 19 33 
2000 47 09 33 28 07 34 32 46 
2000 48 36 06 05 33 45 24 01 
2000 49 24 41 04 39 27 13 34 
2000 50 06 24 47 28 19 32 27 
2000 51 36 22 35 44 29 31 03 
2000 52 21 46 07 17 26 24 11 
2000 53 38 03 29 13 04 21 34 
2000 54 13 25 42 11 08 19 29 
2000 55 14 12 32 10 46 28 31 
2000 56 07 10 33 36 12 15 38 
2000 57 12 29 25 46 13 32 18 
2000 58 33 24 13 25 31 05 02 
2000 59 22 06 36 39 31 08 30 
2000 60 26 33 06 32 23 18 11 
2000 61 20 16 09 17 08 06 36 
2000 62 08 05 23 42 19 06 36 
2000 63 34 14 41 33 39 30 09 
2000 64 46 27 45 33 28 36 04 
2000 65 35 43 40 21 30 36 22 
2000 66 14 05 25 41 39 20 16 
2000 67 38 40 19 15 18 04 36 
2000 68 18 17 11 25 07 01 44 
2000 69 44 19 29 09 04 23 36 
2000 70 34 15 40 30 37 01 33 
2000 71 21 39 26 12 19 30 28 
2000 72 22 15 30 18 17 47 08 
2000 73 07 12 17 30 27 33 32 
2000 74 31 16 03 25 04 33 36 
2000 75 04 23 24 06 18 46 07 
2000 76 19 44 32 23 22 45 03 
2000 77 13 46 45 28 17 04 31 
2000 78 06 08 25 04 12 10 16 
2000 79 24 27 12 16 41 46 04 
2000 80 43 32 22 24 23 25 39 
2000 81 45 06 30 29 07 28 26 
2000 82 15 43 27 17 23 31 06 
2000 83 24 28 21 26 16 20 09 
2000 84 38 35 39 06 12 15 47 
2000 85 32 15 34 09 24 29 06 
2000 86 24 13 44 15 38 01 28 
2000 87 17 46 15 30 03 33 01 
2000 88 03 40 41 09 02 33 26 
2000 89 42 15 39 37 13 43 22 
2000 90 17 30 26 19 44 10 14 
2000 91 32 38 35 22 47 30 11 
2000 92 44 41 18 12 09 02 24 
2000 93 34 03 09 08 17 36 38 
2000 94 04 25 10 02 16 43 38 
2000 95 22 47 26 30 16 09 10 
2000 96 26 14 01 40 27 42 17 
2000 97 33 21 06 05 25 16 19 
2000 98 09 06 10 23 36 35 05 
2000 99 39 29 03 11 22 34 46 
2000 100 44 14 09 10 40 34 45 
2000 101 11 24 31 05 10 33 36 
2000 102 11 03 44 39 14 26 02 
2000 103 04 41 30 22 24 33 05 
2000 104 07 14 33 29 09 06 47 
2000 105 04 23 01 19 18 09 45 
2000 106 08 47 09 02 01 20 25 
2000 107 11 23 24 41 05 39 03 
2000 108 16 44 21 08 24 32 30 
2000 109 35 10 36 24 33 19 39 
2000 110 22 11 04 01 39 30 35 
2000 111 26 27 14 12 35 04 25 
2000 112 37 43 34 05 39 42 04 
2001 1 20 44 45 38 35 13 05 
2001 2 37 06 16 19 18 29 25 
2001 3 02 35 26 09 14 39 11 
2001 4 24 08 03 11 41 14 30 
2001 5 30 05 43 12 15 44 19 
2001 6 35 43 10 45 46 20 28 
2001 7 22 42 37 04 45 21 09 
2001 8 27 43 38 04 42 47 19 
2001 9 30 24 11 34 37 18 23 
2001 10 28 08 29 47 45 46 13 
2001 11 36 12 13 42 17 07 27 
2001 12 14 09 43 22 29 12 08 
2001 13 32 23 21 18 28 30 01 
2001 14 44 20 18 05 09 41 14 
2001 15 11 46 02 16 40 29 47 
2001 16 01 47 10 24 25 43 34 
2001 17 01 37 18 40 39 13 34 
2001 18 09 35 19 20 28 29 15 
2001 19 13 37 38 08 27 20 45 
2001 20 42 07 19 36 26 37 33 
2001 21 31 09 26 03 43 08 23 
2001 22 18 28 47 20 11 26 10 
2001 23 11 44 09 30 13 23 32 
2001 24 05 09 45 39 19 32 13 
2001 25 21 04 45 07 11 10 38 
2001 26 25 41 33 27 10 07 19 
2001 27 37 39 14 44 36 33 40 
2001 28 18 03 15 23 12 34 42 
2001 29 27 12 36 46 15 37 22 
2001 30 06 39 30 28 36 04 10 
2001 31 46 07 18 19 05 47 43 
2001 32 26 18 41 27 33 14 35 
2001 33 21 14 36 01 42 46 26 
2001 34 46 25 19 08 32 41 27 
2001 35 28 37 41 20 03 42 09 
2001 36 17 37 05 03 15 34 40 
2001 37 29 47 01 34 13 24 20 
2001 38 26 14 11 39 01 46 18 
2001 39 11 44 10 23 39 19 17 
2001 40 39 10 05 18 07 12 45 
2001 41 41 45 06 37 36 24 09 
2001 42 29 12 01 40 37 13 32 
2001 43 31 18 10 12 37 09 14 
2001 44 34 25 16 04 44 19 33 
2001 45 44 32 45 19 37 08 40 
2001 46 02 21 26 27 14 08 24 
2001 47 33 35 01 45 22 20 11 
2001 48 01 44 33 14 08 29 05 
2001 49 11 45 33 36 29 23 20 
2001 50 24 14 39 15 19 32 47 
2001 51 12 38 27 16 23 35 19 
2001 52 11 40 28 15 29 04 16 
2001 53 17 40 07 26 45 21 37 
2001 54 04 39 20 02 21 22 27 
2001 55 15 33 38 41 31 09 44 
2001 56 45 02 24 35 32 25 01 
2001 57 02 21 01 13 14 47 42 
2001 58 33 28 35 46 09 26 32 
2001 59 41 23 30 05 09 01 04 
2001 60 33 34 45 12 24 03 40 
2001 61 21 16 25 32 09 33 38 
2001 62 27 21 06 04 25 05 16 
2001 63 33 25 37 13 21 32 20 
2001 64 20 46 02 32 17 08 15 
2001 65 38 05 28 31 20 16 15 
2001 66 08 03 35 12 10 37 02 
2001 67 45 28 46 09 02 14 15 
2001 68 27 36 18 28 24 32 39 
2001 69 47 01 16 14 07 18 40 
2001 70 29 44 10 28 02 21 30 
2001 71 02 08 11 15 21 10 07 
2001 72 07 21 24 20 34 22 19 
2001 73 04 31 37 32 40 18 15 
2001 74 01 27 14 13 10 35 02 
2001 75 34 12 08 01 29 04 18 
2001 76 28 45 05 31 18 37 36 
2001 77 13 02 06 22 07 26 35 
2001 78 39 33 21 16 46 28 03 
2001 79 17 14 36 04 47 38 42 
2001 80 23 09 08 15 27 34 36 
2001 81 44 15 13 24 06 34 31 
2001 82 37 33 09 08 36 07 12 
2001 83 29 19 14 12 06 21 45 
2001 84 29 20 27 07 32 44 33 
2001 85 40 36 18 43 07 27 28 
2001 86 36 33 02 30 12 03 07 
2001 87 02 45 20 39 35 31 24 
2001 88 34 21 30 29 39 28 40 
2001 89 06 02 01 32 34 42 41 
2001 90 39 20 09 21 43 07 34 
2001 91 06 21 32 20 38 41 33 
2001 92 06 46 07 21 13 16 17 
2001 93 04 31 19 32 43 41 30 
2001 94 38 22 28 18 32 12 29 
2001 95 25 41 40 12 29 20 11 
2001 96 12 06 03 18 27 30 38 
2001 97 09 03 38 01 37 42 02 
2001 98 31 38 10 41 21 29 26 
2001 99 17 46 32 31 09 37 27 
2001 100 03 24 43 34 18 12 41 
2001 101 13 23 33 38 01 20 03 
2001 102 35 37 44 30 02 08 01 
2001 103 44 30 41 03 40 37 19 
2001 104 32 02 15 41 11 33 40 
2001 105 35 39 11 16 38 32 12 
2001 106 20 29 21 32 12 47 09 
2001 107 36 09 16 14 41 03 43 
2001 108 36 29 30 19 06 10 01 
2001 109 32 43 13 26 27 40 41 
2001 110 03 46 21 33 25 02 07 
2002 1 14 21 11 18 03 13 22 
2002 2 21 36 12 43 17 35 14 
2002 3 40 10 32 28 42 21 45 
2002 4 35 04 27 11 13 29 42 
2002 5 14 31 16 43 42 36 39 
2002 6 26 09 34 31 06 44 37 
2002 7 45 16 01 13 28 38 17 
2002 8 21 29 12 33 09 31 47 
2002 9 27 39 30 02 44 23 26 
2002 10 45 18 09 01 38 21 35 
2002 11 44 37 45 27 12 15 33 
2002 12 47 32 01 06 17 08 40 
2002 13 08 19 01 30 37 07 16 
2002 14 15 32 11 31 43 33 01 
2002 15 18 41 22 37 29 31 13 
2002 16 10 38 24 08 27 17 12 
2002 17 15 03 07 28 19 29 01 
2002 18 39 36 30 41 24 37 14 
2002 19 16 33 23 08 01 40 11 
2002 20 21 39 08 15 45 18 28 
2002 21 13 33 46 19 26 38 09 
2002 22 34 40 02 32 39 45 20 
2002 23 29 14 30 07 10 21 43 
2002 24 21 26 46 41 07 36 13 
2002 25 37 03 24 31 06 13 27 
2002 26 37 01 10 19 27 11 31 
2002 27 32 24 11 17 38 18 05 
2002 28 45 08 02 06 44 32 04 
2002 29 39 12 01 10 24 19 03 
2002 30 03 45 34 21 07 16 39 
2002 31 31 11 22 41 34 16 35 
2002 32 02 22 42 29 04 13 23 
2002 33 15 34 42 07 26 29 22 
2002 34 20 36 40 26 31 10 47 
2002 35 03 06 37 04 05 46 09 
2002 36 44 02 05 17 09 15 39 
2002 37 30 02 16 40 13 39 15 
2002 38 38 36 03 20 30 10 40 
2002 39 41 14 35 44 07 45 27 
2002 40 31 36 12 41 09 43 28 
2002 41 27 14 12 25 22 40 24 
2002 42 44 02 33 35 34 15 21 
2002 43 08 15 41 04 24 45 28 
2002 44 12 03 42 32 08 13 11 
2002 45 43 36 29 25 07 31 34 
2002 46 31 13 30 01 09 47 02 
2002 47 32 43 36 42 41 33 17 
2002 48 29 03 17 34 06 01 32 
2002 49 11 12 34 35 19 39 08 
2002 50 29 06 12 39 32 44 24 
2002 51 35 22 41 05 13 10 34 
2002 52 33 36 26 04 38 31 28 
2002 53 05 32 34 39 49 38 08 
2002 54 21 10 33 40 20 44 34 
2002 55 10 26 48 35 20 28 13 
2002 56 46 14 23 19 36 44 07 
2002 57 09 25 38 24 27 36 41 
2002 58 29 32 14 13 07 20 28 
2002 59 29 24 28 22 38 11 20 
2002 60 33 01 44 29 11 36 37 
2002 61 09 44 43 25 12 31 05 
2002 62 05 01 39 46 06 31 44 
2002 63 44 32 25 23 43 01 30 
2002 64 26 06 27 45 22 25 36 
2002 65 11 03 07 28 36 22 18 
2002 66 28 19 09 15 11 10 37 
2002 67 39 05 32 10 24 49 01 
2002 68 28 35 27 15 26 05 02 
2002 69 46 28 29 31 44 05 45 
2002 70 49 26 14 07 41 32 12 
2002 71 25 23 40 38 04 24 37 
2002 72 47 10 17 43 45 36 33 
2002 73 26 36 02 41 06 16 08 
2002 74 08 25 01 03 43 46 21 
2002 75 19 12 23 02 49 07 04 
2002 76 24 28 22 39 36 33 41 
2002 77 35 03 32 07 31 47 15 
2002 78 04 25 31 23 44 03 35 
2002 79 10 46 42 43 37 40 30 
2002 80 47 40 22 34 41 15 10 
2002 81 46 16 37 22 14 08 36 
2002 82 23 33 11 32 48 43 02 
2002 83 13 05 27 19 29 35 40 
2002 84 15 44 34 19 25 38 05 
2002 85 47 10 48 41 01 34 19 
2002 86 15 17 12 34 42 10 29 
2002 87 24 49 15 41 47 07 25 
2002 88 46 11 06 10 35 32 22 
2002 89 32 30 20 42 09 05 02 
2002 90 05 09 48 18 47 25 17 
2002 91 01 36 33 12 37 14 13 
2002 92 44 37 05 07 16 42 38 
2002 93 13 32 18 46 30 01 19 
2002 94 22 29 12 19 08 41 01 
2002 95 14 08 44 25 43 10 41 
2002 96 22 08 02 28 27 03 45 
2002 97 31 03 48 01 12 23 34 
2002 98 06 32 46 42 29 07 01 
2002 99 26 05 09 33 08 38 28 
2002 100 25 49 14 02 45 06 42 
2002 101 47 15 22 42 03 23 18 
2002 102 29 18 41 04 25 16 21 
2002 103 46 40 42 21 47 19 33 
2002 104 26 37 17 43 31 19 38 
2002 105 14 24 28 09 11 17 46 
2002 106 27 37 44 21 11 31 01 
2002 107 37 38 49 46 36 05 17 
2002 108 07 23 16 15 35 31 08 
2002 109 06 41 42 40 18 39 09 
2002 110 24 18 13 26 33 23 15 
2002 111 19 01 11 39 40 18 42 
2002 112 34 10 22 40 43 14 04 
2002 113 28 40 19 18 44 10 24 
2003 1 23 27 26 05 16 06 46 
2003 2 10 43 12 38 09 26 15 
2003 3 08 23 22 49 21 17 24 
2003 4 32 28 33 11 13 07 20 
2003 5 02 40 39 42 34 36 29 
2003 6 44 49 16 20 21 43 06 
2003 7 36 06 38 27 14 23 49 
2003 8 30 10 25 46 05 41 48 
2003 9 07 28 08 04 05 06 23 
2003 10 28 43 12 07 20 27 46 
2003 11 18 31 26 11 46 04 16 
2003 12 22 11 28 38 40 23 29 
2003 13 12 08 24 39 04 40 18 
2003 14 20 49 19 10 16 40 24 
2003 15 41 48 13 24 16 01 35 
2003 16 42 19 13 45 28 23 15 
2003 17 25 04 21 12 09 34 36 
2003 18 38 09 44 42 32 33 43 
2003 19 48 15 40 20 35 45 30 
2003 20 10 35 39 31 22 20 17 
2003 21 49 21 03 20 43 02 32 
2003 22 22 23 35 08 24 10 33 
2003 23 13 14 39 23 21 42 36 
2003 24 30 28 23 34 13 42 20 
2003 25 48 22 21 09 26 37 35 
2003 26 48 12 43 30 40 17 18 
2003 27 32 29 21 43 38 41 07 
2003 28 13 06 47 11 40 24 42 
2003 29 07 11 33 23 13 31 28 
2003 30 37 39 15 28 27 09 33 
2003 31 38 12 45 26 18 34 43 
2003 32 31 36 26 07 27 14 43 
2003 33 20 11 14 47 17 42 27 
2003 34 37 47 49 30 19 41 03 
2003 35 10 19 35 08 31 03 36 
2003 36 19 07 30 44 37 34 48 
2003 37 11 29 32 20 33 23 35 
2003 38 35 34 09 29 17 20 18 
2003 39 29 08 36 38 32 31 12 
2003 40 39 28 06 43 45 40 42 
2003 41 23 14 43 28 08 17 26 
2003 42 49 31 27 28 29 01 06 
2003 43 31 16 47 13 39 19 29 
2003 44 21 37 47 12 02 49 11 
2003 45 09 44 30 48 27 33 37 
2003 46 10 19 44 26 30 32 29 
2003 47 27 38 31 14 44 03 26 
2003 48 22 03 11 18 24 37 49 
2003 49 04 10 24 47 03 26 12 
2003 50 21 02 37 44 10 22 47 
2003 51 37 09 40 29 07 26 11 
2003 52 18 16 32 47 44 14 02 
2003 53 47 20 39 06 12 05 38 
2003 54 12 46 01 16 13 36 49 
2003 55 23 15 01 33 06 21 30 
2003 56 42 24 28 29 30 49 47 
2003 57 17 31 28 37 43 14 39 
2003 58 04 07 05 01 09 27 21 
2003 59 12 24 30 39 16 21 07 
2003 60 07 31 10 05 23 34 38 
2003 61 06 29 09 14 17 02 22 
2003 62 24 18 46 26 29 30 39 
2003 63 25 34 14 12 30 35 23 
2003 64 02 34 11 06 20 05 32 
2003 65 24 47 18 17 15 05 07 
2003 66 16 33 36 31 38 29 04 
2003 67 02 45 41 42 22 39 26 
2003 68 02 31 17 12 40 37 01 
2003 69 28 42 17 26 16 40 44 
2003 70 33 18 09 38 26 06 29 
2003 71 11 18 27 02 20 17 10 
2003 72 06 39 03 08 02 25 38 
2003 73 30 47 13 36 20 16 24 
2003 74 18 36 09 10 21 45 06 
2003 75 33 14 31 08 36 42 34 
2003 76 25 07 37 39 10 21 09 
2003 77 36 28 27 41 05 06 47 
2003 78 22 25 17 15 28 16 12 
2003 79 04 26 17 38 01 44 11 
2003 80 28 21 07 41 31 12 03 
2003 81 41 05 01 28 21 35 38 
2003 82 04 48 13 43 02 49 24 
2003 83 18 28 05 14 04 31 24 
2003 84 02 43 31 09 13 03 10 
2003 85 13 49 02 22 39 20 41 
2003 86 41 42 02 09 40 07 28 
2003 87 27 38 28 10 18 24 21 
2003 88 07 39 10 15 04 19 22 
2003 89 41 31 08 47 33 23 38 
2003 90 28 33 47 38 17 42 34 
2003 91 23 40 31 19 44 47 03 
2003 92 37 09 16 30 31 32 24 
2003 93 06 27 36 43 49 38 40 
2003 94 14 39 42 20 26 40 12 
2003 95 44 41 24 35 25 47 38 
2003 96 30 15 43 21 10 07 08 
2003 97 47 21 42 25 49 07 01 
2003 98 39 17 10 45 19 11 15 
2003 99 08 12 04 23 15 33 36 
2003 100 09 41 18 22 06 31 24 
2003 101 05 49 28 14 27 06 42 
2003 102 37 01 04 28 19 49 29 
2003 103 44 48 37 29 28 25 43 
2003 104 11 22 34 48 14 24 43 
2003 105 31 34 18 25 37 35 05 
2003 106 11 48 39 30 41 13 45 
2003 107 15 45 07 10 49 38 22 
2003 108 04 02 46 14 03 44 05 
2003 109 41 18 48 12 08 23 19 
2003 110 02 39 25 08 19 03 49 
2003 111 48 35 15 20 31 10 14 
2003 112 14 35 01 22 31 19 34 
2003 113 22 13 33 42 29 06 11 
2003 114 36 48 13 37 33 11 46 
2003 115 42 33 44 24 31 23 27 
2003 116 48 05 17 34 42 19 44 
2003 117 01 39 47 38 36 22 27 
2004 1 49 31 39 33 36 03 01 
2004 2 17 43 22 07 29 14 36 
2004 3 26 14 39 43 40 33 23 
2004 4 30 49 34 39 43 48 06 
2004 5 13 09 31 40 08 48 43 
2004 6 05 49 03 19 26 32 01 
2004 7 05 32 28 31 09 06 19 
2004 8 40 41 13 18 10 29 04 
2004 9 22 21 31 24 27 42 11 
2004 10 46 30 41 01 32 29 08 
2004 11 48 04 45 46 10 43 13 
2004 12 48 12 43 35 22 29 38 
2004 13 37 39 44 22 32 20 11 
2004 14 32 21 31 09 22 17 04 
2004 15 49 15 28 13 04 45 07 
2004 16 07 38 15 41 28 20 37 
2004 17 06 03 26 14 40 09 19 
2004 18 07 41 25 24 22 40 01 
2004 19 16 08 04 02 18 03 06 
2004 20 01 14 39 48 45 09 03 
2004 21 46 08 49 33 20 36 18 
2004 22 42 19 34 20 01 43 15 
2004 23 09 31 35 10 41 26 42 
2004 24 10 31 21 30 42 26 48 
2004 25 35 43 14 36 33 23 37 
2004 26 37 18 10 39 07 23 17 
2004 27 03 04 36 25 47 02 08 
2004 28 06 44 21 49 28 36 32 
2004 29 05 39 17 20 04 28 03 
2004 30 13 22 21 10 07 23 35 
2004 31 09 37 45 11 21 27 30 
2004 32 31 22 26 13 12 11 10 
2004 33 13 31 07 25 03 33 45 
2004 34 13 32 48 07 37 01 26 
2004 35 49 17 47 12 42 09 34 
2004 36 49 24 01 30 47 23 42 
2004 37 34 23 31 45 47 43 48 
2004 38 06 19 22 25 12 09 17 
2004 39 39 44 46 08 32 36 33 
2004 40 39 24 48 44 30 43 23 
2004 41 07 11 29 15 46 49 21 
2004 42 26 34 19 31 30 04 37 
2004 43 47 29 21 37 16 46 35 
2004 44 36 28 33 08 38 47 02 
2004 45 24 13 37 11 22 07 36 
2004 46 09 21 48 37 40 13 12 
2004 47 15 08 07 27 49 34 22 
2004 48 10 23 49 43 30 21 03 
2004 49 31 40 45 47 04 18 29 
2004 50 40 23 37 45 14 27 39 
2004 51 24 02 19 16 49 48 12 
2004 52 46 03 40 10 27 20 09 
2004 53 43 09 39 32 38 27 31 
2004 54 41 13 47 40 37 33 48 
2004 55 29 08 06 12 40 32 45 
2004 56 29 37 49 07 18 28 12 
2004 57 48 42 11 16 43 26 32 
2004 58 07 03 20 13 48 36 47 
2004 59 05 28 18 32 21 09 07 
2004 60 28 38 34 41 46 48 36 
2004 61 13 40 03 05 11 06 45 
2004 62 33 44 29 07 21 23 09 
2004 63 03 09 14 25 07 44 45 
2004 64 33 37 11 25 32 42 31 
2004 65 18 35 16 48 49 02 43 
2004 66 42 09 37 22 48 40 26 
2004 67 28 36 13 06 08 03 38 
2004 68 36 06 07 01 42 12 34 
2004 69 13 21 18 35 01 03 15 
2004 70 06 37 38 30 43 31 24 
2004 71 07 48 32 09 49 18 10 
2004 72 32 06 21 08 12 43 25 
2004 73 24 07 08 01 42 06 22 
2004 74 36 10 22 37 18 34 15 
2004 75 35 43 01 02 34 20 37 
2004 76 26 16 35 36 01 31 38 
2004 77 14 40 43 13 48 32 12 
2004 78 49 14 37 29 27 07 09 
2004 79 39 08 27 45 13 40 49 
2004 80 16 39 27 08 48 40 14 
2004 81 17 27 47 45 44 16 49 
2004 82 21 48 34 19 49 22 42 
2004 83 30 01 22 16 34 05 39 
2004 84 30 27 39 40 42 29 47 
2004 85 19 24 36 44 12 27 29 
2004 86 36 28 37 26 14 23 40 
2004 87 14 10 36 17 45 30 47 
2004 88 36 09 19 02 37 30 41 
2004 89 42 48 01 33 44 30 49 
2004 90 27 16 23 18 17 05 10 
2004 91 11 01 45 05 32 22 28 
2004 92 28 37 21 18 15 17 40 
2004 93 03 16 04 45 32 19 14 
2004 94 23 38 47 27 20 40 33 
2004 95 07 21 30 36 10 03 14 
2004 96 11 18 42 12 20 27 16 
2004 97 30 38 41 24 07 20 19 
2004 98 42 01 33 30 35 03 12 
2004 99 17 42 30 11 46 14 29 
2004 100 17 15 40 41 07 28 10 
2004 101 49 39 36 28 22 31 32 
2004 102 20 14 23 12 28 13 22 
2004 103 13 15 43 03 39 44 31 
2004 104 12 22 14 46 48 04 23 
2004 105 43 18 19 45 48 33 11 
2004 106 39 16 32 26 04 24 06 
2004 107 20 37 06 35 04 39 41 
2004 108 27 29 17 34 07 30 36 
2004 109 43 44 07 12 33 20 38 
2004 110 21 41 05 17 31 27 06 
2004 111 30 27 48 31 12 34 17 
2004 112 26 25 33 15 11 24 42 
2004 113 30 44 45 43 06 24 11 
2004 114 26 01 49 27 12 36 21 
2004 115 37 21 23 30 33 14 10 
2004 116 25 07 19 45 42 18 41 
2004 117 13 42 38 17 02 33 05 
2004 118 21 31 30 12 02 05 06 
2004 119 33 07 13 12 16 09 37 
2004 120 09 49 07 39 38 22 48 
2004 121 41 23 15 07 30 34 10 
2004 122 26 28 03 11 13 12 31 
2004 123 43 06 30 40 26 34 03 
2004 124 10 25 16 21 38 15 24 
2004 125 19 49 21 17 40 35 42 
2004 126 28 34 44 09 21 30 10 
2004 127 42 08 21 31 38 29 23 
2004 128 03 10 36 09 27 31 26 
2004 129 24 10 46 06 31 13 25 
2004 130 25 48 16 44 42 26 20 
2004 131 28 46 04 36 49 43 40 
2004 132 37 36 31 03 09 45 19 
2004 133 31 48 22 25 19 03 12 
2004 134 11 14 46 47 26 06 40 
2004 135 32 25 24 34 39 01 10 
2004 136 20 45 36 02 49 48 21 
2004 137 45 01 10 43 12 16 13 
2004 138 02 41 37 28 30 15 31 
2004 139 48 09 05 43 35 38 06 
2004 140 17 20 34 38 28 47 14 
2005 1 11 39 36 43 18 32 34 
2005 2 08 06 20 04 05 38 35 
2005 3 03 42 10 06 40 14 15 
2005 4 49 42 30 38 10 45 27 
2005 5 35 05 11 25 40 06 44 
2005 6 46 42 27 30 16 24 17 
2005 7 49 14 10 25 16 09 23 
2005 8 13 05 26 21 18 20 11 
2005 9 09 28 21 46 33 13 06 
2005 10 13 07 35 05 46 19 24 
2005 11 20 34 37 48 31 15 04 
2005 12 35 06 26 03 15 07 40 
2005 13 09 28 18 33 19 02 35 
2005 14 44 18 23 09 33 49 29 
2005 15 20 33 19 48 37 02 10 
2005 16 09 36 21 43 38 49 23 
2005 17 41 08 21 20 02 40 24 
2005 18 25 13 19 32 11 16 26 
2005 19 27 28 08 05 33 46 02 
2005 20 08 13 16 47 45 42 33 
2005 21 49 28 42 45 02 18 17 
2005 22 41 02 16 20 32 35 24 
2005 23 25 06 41 22 39 49 13 
2005 24 36 42 44 41 16 01 18 
2005 25 25 03 33 35 12 07 30 
2005 26 43 25 40 31 05 02 22 
2005 27 35 16 02 10 37 45 26 
2005 28 48 17 04 08 47 39 01 
2005 29 49 24 08 42 03 07 37 
2005 30 11 31 28 06 03 08 19 
2005 31 44 49 27 45 02 06 23 
2005 32 48 44 25 30 22 02 46 
2005 33 01 36 21 09 47 35 33 
2005 34 09 24 02 13 10 15 19 
2005 35 22 24 25 10 13 02 05 
2005 36 02 37 14 10 29 05 03 
2005 37 09 47 21 06 46 13 12 
2005 38 43 12 38 14 02 39 48 
2005 39 43 31 17 22 12 11 45 
2005 40 15 25 29 10 37 34 13 
2005 41 01 49 05 25 35 24 14 
2005 42 14 03 40 49 46 05 06 
2005 43 22 10 36 23 28 09 49 
2005 44 45 12 17 47 43 33 10 
2005 45 15 42 49 29 19 11 05 
2005 46 09 33 35 22 04 30 13 
2005 47 13 02 38 17 03 14 31 
2005 48 45 03 27 38 31 09 34 
2005 49 13 39 30 47 36 12 08 
2005 50 08 22 02 38 40 36 05 
2005 51 37 36 21 13 30 16 02 
2005 52 25 16 08 33 37 02 01 
2005 53 22 20 21 09 30 48 06 
2005 54 49 10 09 07 21 39 41 
2005 55 11 36 20 14 41 04 15 
2005 56 38 02 35 14 23 16 47 
2005 57 12 07 45 33 44 18 32 
2005 58 39 14 17 42 32 03 08 
2005 59 31 16 47 18 34 23 38 
2005 60 16 21 06 10 20 05 19 
2005 61 22 11 42 23 01 18 10 
2005 62 45 33 49 43 12 39 10 
2005 63 46 23 28 17 26 22 02 
2005 64 43 16 24 17 19 11 13 
2005 65 43 39 20 33 17 04 26 
2005 66 40 04 39 20 32 42 33 
2005 67 41 26 48 11 18 10 27 
2005 68 03 13 37 27 36 29 24 
2005 69 29 40 48 18 11 22 44 
2005 70 22 18 07 02 48 05 11 
2005 71 36 35 05 44 07 15 04 
2005 72 06 47 15 25 26 18 27 
2005 73 11 32 22 31 29 42 03 
2005 74 38 02 21 44 48 29 10 
2005 75 38 40 15 49 33 25 21 
2005 76 01 32 25 46 23 30 42 
2005 77 22 27 36 04 32 16 17 
2005 78 43 23 32 45 02 04 42 
2005 79 43 41 09 06 13 21 45 
2005 80 30 31 04 22 34 24 17 
2005 81 39 23 06 21 16 10 05 
2005 82 22 07 34 06 30 18 02 
2005 83 34 17 49 48 10 18 29 
2005 84 49 05 06 35 39 17 44 
2005 85 42 31 14 30 26 05 04 
2005 86 15 13 29 08 48 28 03 
2005 87 15 07 22 08 35 49 17 
2005 88 25 14 06 27 12 30 08 
2005 89 43 39 42 49 35 25 05 
2005 90 46 14 13 33 05 45 25 
2005 91 33 25 42 36 21 48 13 
2005 92 27 19 47 38 07 01 03 
2005 93 33 21 05 44 34 45 40 
2005 94 22 38 09 35 13 39 04 
2005 95 38 11 09 23 29 33 06 
2005 96 32 49 13 09 38 48 41 
2005 97 27 21 37 01 48 11 18 
2005 98 39 19 24 41 49 02 21 
2005 99 17 22 08 29 03 13 18 
2005 100 26 01 36 47 14 03 42 
2005 101 39 29 05 20 25 13 35 
2005 102 03 37 20 23 01 33 14 
2005 103 17 04 26 46 40 09 18 
2005 104 19 24 48 04 21 14 10 
2005 105 18 48 34 11 35 07 42 
2005 106 39 15 09 41 23 20 44 
2005 107 10 13 08 48 31 14 47 
2005 108 04 01 33 40 19 34 25 
2005 109 41 46 39 29 26 16 34 
2005 110 28 24 42 33 22 34 48 
2005 111 14 05 27 03 08 35 09 
2005 112 21 04 05 47 37 26 07 
2005 113 04 19 12 02 13 42 39 
2005 114 26 14 19 06 01 30 17 
2005 115 17 35 43 28 01 20 18 
2005 116 24 25 14 35 11 20 33 
2005 117 02 16 36 25 09 38 14 
2005 118 27 29 45 26 23 30 18 
2005 119 48 15 25 11 09 44 27 
2005 120 09 29 48 16 08 24 05 
2005 121 24 34 35 38 47 41 45 
2005 122 17 14 03 47 46 41 20 
2005 123 20 15 42 14 18 38 35 
2005 124 44 43 30 22 06 10 29 
2005 125 30 09 31 25 35 37 01 
2005 126 12 26 03 39 30 41 25 
2005 127 19 13 05 40 02 49 07 
2005 128 11 08 37 31 10 24 38 
2005 129 34 41 02 18 37 30 28 
2005 130 34 03 10 01 31 35 27 
2005 131 11 20 38 49 03 13 19 
2005 132 49 48 03 35 13 10 33 
2005 133 48 12 07 37 41 08 40 
2005 134 22 24 21 40 01 13 27 
2005 135 26 30 23 24 47 49 43 
2005 136 15 10 09 04 49 14 05 
2005 137 15 46 02 03 32 30 23 
2005 138 12 31 23 25 45 44 03 
2005 139 05 08 13 43 04 01 22 
2005 140 38 03 45 37 25 16 18 
2005 141 24 45 26 18 44 13 27 
2005 142 47 33 41 38 32 10 06 
2005 143 37 27 32 09 10 45 04 
2005 144 15 07 03 02 14 01 11 
2005 145 03 36 31 16 42 09 20 
2005 146 02 35 22 32 09 41 20 
2005 147 06 01 33 22 47 14 09 
2005 148 43 27 19 14 12 34 24 
2005 149 15 40 04 22 01 44 02 
2005 150 16 20 30 09 13 43 44 
2005 151 42 24 08 19 23 18 32 
2005 152 10 22 36 20 06 19 03 
2005 153 09 04 43 18 17 31 19 
2005 154 21 22 11 24 41 09 33 
2005 155 11 07 31 43 40 02 36 
2006 1 25 17 38 26 23 24 47 
2006 2 10 22 46 44 05 38 13 
2006 3 38 26 28 42 10 01 43 
2006 4 38 39 21 25 36 05 04 
2006 5 15 37 36 24 27 25 35 
2006 6 19 34 01 12 29 32 46 
2006 7 13 47 11 25 29 38 12 
2006 8 28 24 26 44 31 47 17 
2006 9 20 01 07 45 40 34 22 
2006 10 28 35 06 33 31 14 26 
2006 11 18 22 27 28 43 23 35 
2006 12 41 27 30 16 22 39 40 
2006 13 21 48 35 09 33 22 43 
2006 14 37 20 04 23 05 03 38 
2006 15 41 39 40 34 45 19 23 
2006 16 05 40 41 24 15 12 44 
2006 17 03 06 13 29 39 49 09 
2006 18 12 26 15 41 45 30 04 
2006 19 43 07 34 32 42 22 06 
2006 20 34 22 03 16 12 29 30 
2006 21 14 46 12 28 42 10 37 
2006 22 31 36 24 07 49 15 40 
2006 23 18 31 35 40 43 39 10 
2006 24 34 18 37 22 13 31 19 
2006 25 40 23 10 25 27 14 37 
2006 26 05 14 22 43 29 01 20 
2006 27 22 01 07 15 14 45 24 
2006 28 30 49 11 42 48 02 36 
2006 29 40 20 30 09 19 39 10 
2006 30 01 14 19 30 21 13 40 
2006 31 12 39 48 07 13 25 09 
2006 32 33 42 04 37 49 27 36 
2006 33 01 30 43 06 33 13 09 
2006 34 16 04 23 22 43 08 18 
2006 35 26 07 20 03 18 32 10 
2006 36 36 43 42 32 45 26 44 
2006 37 21 15 03 28 10 01 37 
2006 38 02 12 33 19 17 30 23 
2006 39 12 29 39 08 25 45 44 
2006 40 11 43 14 07 35 38 26 
2006 41 29 35 11 10 16 30 28 
2006 42 47 18 45 44 34 28 08 
2006 43 41 05 26 21 30 36 17 
2006 44 32 13 28 39 49 44 48 
2006 45 22 20 29 38 11 09 37 
2006 46 28 27 44 38 14 11 12 
2006 47 02 16 09 12 37 40 19 
2006 48 28 42 46 08 06 11 31 
2006 49 02 32 24 29 26 33 06 
2006 50 07 34 37 01 08 30 41 
2006 51 24 10 06 19 28 47 22 
2006 52 27 33 45 03 13 18 29 
2006 53 48 46 03 32 02 47 35 
2006 54 32 17 23 31 05 28 18 
2006 55 26 18 43 24 25 22 23 
2006 56 29 07 12 15 27 49 36 
2006 57 01 23 14 45 07 48 43 
2006 58 35 26 23 36 39 43 05 
2006 59 40 11 31 23 33 32 49 
2006 60 15 38 20 46 41 44 34 
2006 61 47 14 01 45 28 41 29 
2006 62 29 40 38 09 39 27 47 
2006 63 35 01 22 34 36 47 07 
2006 64 10 33 16 30 21 48 19 
2006 65 35 24 44 17 46 12 10 
2006 66 36 09 29 16 05 47 17 
2006 67 49 02 31 09 42 29 05 
2006 68 41 46 34 17 36 48 26 
2006 69 40 03 05 07 45 18 15 
2006 70 45 02 06 33 17 42 13 
2006 71 15 16 24 04 45 22 02 
2006 72 07 06 05 35 27 18 19 
2006 73 04 40 17 42 39 05 03 
2006 74 04 36 05 49 33 48 02 
2006 75 18 33 36 21 32 37 06 
2006 76 49 27 12 21 26 10 14 
2006 77 17 36 19 02 03 13 47 
2006 78 04 30 47 48 13 42 40 
2006 79 19 01 04 05 14 13 18 
2006 80 07 01 16 49 21 09 12 
2006 81 33 06 30 10 02 13 40 
2006 82 34 45 30 42 01 46 08 
2006 83 34 10 01 36 08 09 17 
2006 84 23 20 09 34 35 45 15 
2006 85 27 22 39 13 10 32 43 
2006 86 33 15 06 13 30 26 16 
2006 87 02 16 24 06 23 20 19 
2006 88 34 16 10 38 41 23 05 
2006 89 47 01 43 19 31 21 18 
2006 90 02 29 35 34 23 37 41 
2006 91 07 10 46 34 20 30 19 
2006 92 45 10 09 19 16 32 18 
2006 93 14 16 01 45 11 08 41 
2006 94 20 10 24 32 49 28 09 
2006 95 12 18 15 35 23 38 33 
2006 96 18 28 26 02 43 13 41 
2006 97 30 47 18 08 21 23 10 
2006 98 37 27 17 38 10 19 26 
2006 99 27 43 03 45 25 28 42 
2006 100 49 48 08 18 22 34 33 
2006 101 40 45 21 14 03 11 08 
2006 102 27 31 43 29 39 36 23 
2006 103 49 40 37 48 34 14 30 
2006 104 46 26 45 30 04 35 20 
2006 105 48 46 34 17 16 03 41 
2006 106 22 08 48 04 14 41 39 
2006 107 08 15 25 33 48 05 11 
2006 108 08 25 14 23 17 12 10 
2006 109 41 02 40 32 45 43 30 
2006 110 27 26 12 28 32 46 47 
2006 111 05 22 41 14 20 11 33 
2006 112 22 03 25 11 27 33 21 
2006 113 48 40 01 33 22 43 35 
2006 114 37 40 13 03 20 34 11 
2006 115 32 15 18 43 07 09 08 
2006 116 05 15 22 30 49 42 37 
2006 117 01 12 23 11 04 02 06 
2006 118 05 35 09 45 01 19 30 
2006 119 09 32 16 42 35 05 04 
2006 120 28 22 04 01 17 27 15 
2006 121 06 47 08 40 22 39 17 
2006 122 22 09 10 26 38 05 39 
2006 123 49 16 41 03 36 20 45 
2006 124 05 33 36 22 40 29 32 
2006 125 11 29 44 15 09 35 18 
2006 126 26 42 03 24 18 43 16 
2006 127 28 48 30 29 12 44 34 
2006 128 17 13 05 41 08 26 22 
2006 129 28 44 33 42 07 35 41 
2006 130 44 06 01 35 28 13 30 
2006 131 39 05 28 07 35 36 31 
2006 132 45 38 11 42 41 22 20 
2006 133 21 38 36 02 34 22 45 
2006 134 13 48 10 31 18 21 17 
2006 135 08 36 20 49 14 34 46 
2006 136 44 35 10 32 03 12 41 
2006 137 14 10 40 49 34 11 43 
2006 138 35 03 26 07 31 16 18 
2006 139 06 19 41 32 49 10 05 
2006 140 35 36 07 18 30 49 29 
2006 141 23 36 21 35 06 10 08 
2006 142 09 27 31 35 08 05 15 
2006 143 32 25 22 10 44 34 30 
2006 144 20 45 46 21 41 38 14 
2006 145 05 10 40 08 27 34 47 
2006 146 21 28 24 48 22 43 44 
2006 147 39 15 41 06 26 30 14 
2006 148 37 47 15 14 29 02 45 
2006 149 13 21 17 22 09 33 41 
2006 150 11 32 48 05 33 17 04 
2006 151 05 48 35 28 46 49 11 
2006 152 31 34 16 39 42 29 41 
2006 153 11 03 14 27 20 44 43 
2006 154 07 30 21 06 05 40 42 
2007 1 12 06 14 32 30 38 41 
2007 2 07 33 08 49 40 42 13 
2007 3 49 38 03 17 33 43 14 
2007 4 19 11 34 14 16 43 48 
2007 5 27 10 41 40 02 01 43 
2007 6 28 07 06 38 25 45 16 
2007 7 04 23 42 25 38 14 10 
2007 8 07 48 49 33 10 39 42 
2007 9 28 09 26 36 18 44 19 
2007 10 25 19 35 06 32 31 15 
2007 11 06 05 24 23 38 48 30 
2007 12 25 36 39 11 26 41 16 
2007 13 11 12 24 14 18 09 38 
2007 14 33 08 13 32 39 47 17 
2007 15 27 11 39 19 12 06 28 
2007 16 47 42 22 12 19 11 36 
2007 17 44 27 26 37 24 09 03 
2007 18 32 22 11 45 25 41 01 
2007 19 03 13 21 22 14 32 07 
2007 20 38 07 17 48 15 45 46 
2007 21 33 28 09 42 16 17 29 
2007 22 37 35 04 18 47 17 32 
2007 23 18 39 32 08 11 02 46 
2007 24 32 36 09 24 07 22 08 
2007 25 38 30 10 41 16 09 02 
2007 26 43 18 25 29 16 33 41 
2007 27 30 04 43 46 10 35 14 
2007 28 27 41 05 08 22 32 45 
2007 29 06 12 16 49 33 25 48 
2007 30 02 16 07 30 37 39 20 
2007 31 04 01 39 46 12 35 14 
2007 32 45 14 39 40 49 01 42 
2007 33 49 45 23 36 26 21 02 
2007 34 23 42 01 11 37 43 24 
2007 35 12 47 43 06 15 09 49 
2007 36 12 05 22 06 40 02 24 
2007 37 32 12 24 46 36 21 13 
2007 38 23 40 45 02 44 22 32 
2007 39 16 17 38 28 21 45 10 
2007 40 22 48 09 30 42 41 49 
2007 41 13 40 33 35 48 39 27 
2007 42 05 36 41 23 08 07 24 
2007 43 45 13 06 09 31 40 47 
2007 44 27 45 04 35 08 24 15 
2007 45 14 19 44 11 35 49 10 
2007 46 43 40 49 45 20 02 38 
2007 47 07 48 29 15 09 32 38 
2007 48 19 41 42 49 27 44 20 
2007 49 07 19 04 14 06 37 09 
2007 50 35 17 24 22 40 37 11 
2007 51 44 38 27 11 10 18 37 
2007 52 32 03 17 47 44 46 33 
2007 53 20 11 45 07 49 09 42 
2007 54 11 46 30 23 20 48 22 
2007 55 04 06 41 14 46 12 15 
2007 56 36 38 25 16 14 28 40 
2007 57 36 43 33 42 12 30 15 
2007 58 05 27 04 37 14 39 35 
2007 59 46 21 36 31 24 38 43 
2007 60 38 20 40 23 28 21 13 
2007 61 29 23 36 26 24 41 12 
2007 62 25 08 02 46 12 29 07 
2007 63 01 25 38 07 20 04 17 
2007 64 26 16 42 46 20 27 32 
2007 65 11 22 37 05 09 21 32 
2007 66 01 04 47 44 15 34 07 
2007 67 48 06 09 01 37 36 13 
2007 68 45 31 30 07 47 41 04 
2007 69 19 41 21 29 33 03 46 
2007 70 28 03 15 37 18 19 30 
2007 71 08 11 12 20 32 04 47 
2007 72 26 43 45 05 11 01 22 
2007 73 10 27 28 31 38 24 23 
2007 74 02 47 17 35 24 32 34 
2007 75 46 41 38 04 40 15 33 
2007 76 18 44 04 37 01 10 20 
2007 77 48 22 45 16 35 36 32 
2007 78 38 25 26 14 23 35 21 
2007 79 08 10 35 45 04 15 16 
2007 80 17 43 12 31 13 24 49 
2007 81 06 16 18 22 17 49 33 
2007 82 45 24 30 49 19 10 34 
2007 83 10 12 42 05 13 16 41 
2007 84 01 45 42 27 26 36 12 
2007 85 43 45 09 18 05 40 17 
2007 86 41 49 30 16 26 36 13 
2007 87 22 46 28 32 13 37 17 
2007 88 30 31 29 38 18 21 34 
2007 89 48 21 03 47 43 04 07 
2007 90 29 40 08 22 35 41 06 
2007 91 48 45 14 26 01 32 46 
2007 92 44 04 03 17 12 05 37 
2007 93 35 38 43 44 06 09 41 
2007 94 09 27 12 40 29 07 05 
2007 95 18 16 30 14 35 26 10 
2007 96 18 22 35 14 40 31 46 
2007 97 48 22 13 10 36 33 31 
2007 98 28 43 20 10 37 19 06 
2007 99 42 06 44 23 20 45 13 
2007 100 04 43 37 20 27 09 07 
2007 101 34 39 23 13 03 04 37 
2007 102 02 44 16 39 38 06 15 
2007 103 38 49 45 06 28 44 34 
2007 104 04 12 18 35 40 44 38 
2007 105 03 31 34 35 14 01 16 
2007 106 36 44 14 26 23 35 05 
2007 107 38 32 08 25 14 15 11 
2007 108 08 24 17 27 07 06 38 
2007 109 41 10 37 43 12 24 17 
2007 110 41 40 11 13 06 28 49 
2007 111 24 06 48 44 49 05 45 
2007 112 08 25 24 34 02 16 40 
2007 113 45 09 06 34 23 17 02 
2007 114 42 41 47 35 44 49 48 
2007 115 30 37 21 43 34 10 17 
2007 116 29 28 38 37 14 06 12 
2007 117 38 07 20 25 45 33 26 
2007 118 16 49 32 10 09 23 19 
2007 119 42 12 23 26 19 33 27 
2007 120 27 25 24 23 45 43 11 
2007 121 10 06 11 14 31 40 49 
2007 122 39 37 47 01 48 02 34 
2007 123 19 14 42 18 04 30 34 
2007 124 31 37 21 29 13 06 25 
2007 125 35 42 04 49 14 31 01 
2007 126 35 27 30 46 43 02 36 
2007 127 31 19 41 47 42 12 13 
2007 128 18 43 24 05 09 12 07 
2007 129 47 40 13 04 27 25 45 
2007 130 30 37 14 28 06 18 21 
2007 131 15 08 41 01 43 06 02 
2007 132 02 42 30 06 15 38 29 
2007 133 16 18 41 45 27 12 29 
2007 134 04 32 25 01 06 20 43 
2007 135 44 06 22 13 30 14 26 
2007 136 39 01 12 40 29 48 41 
2007 137 40 42 19 05 32 25 04 
2007 138 47 45 27 33 35 25 06 
2007 139 13 27 19 10 48 43 08 
2007 140 29 30 35 18 25 32 39 
2007 141 45 26 28 30 23 18 15 
2007 142 05 39 26 46 38 33 47 
2007 143 35 14 41 38 42 09 40 
2007 144 35 16 40 41 18 24 47 
2007 145 05 42 23 15 07 18 10 
2007 146 17 23 01 44 40 25 26 
2007 147 02 24 19 40 01 06 44 
2007 148 01 46 17 09 28 42 32 
2007 149 21 46 30 01 02 44 33 
2007 150 17 37 48 40 38 07 43 
2007 151 06 48 12 33 16 41 08 
2007 152 21 23 45 37 15 16 04 
2008 1 36 05 08 42 46 39 14 
2008 2 03 33 42 14 32 11 15 
2008 3 02 14 40 09 45 24 03 
2008 4 20 36 46 04 42 47 22 
2008 5 08 13 18 22 26 42 43 
2008 6 15 37 45 10 18 11 26 
2008 7 36 35 24 40 08 19 23 
2008 8 32 04 07 20 34 08 24 
2008 9 09 30 16 49 33 17 41 
2008 10 38 23 26 46 10 42 29 
2008 11 19 22 33 13 15 38 39 
2008 12 43 33 16 24 22 44 29 
2008 13 49 24 41 42 32 48 10 
2008 14 46 36 34 01 42 37 39 
2008 15 06 43 36 48 40 03 08 
2008 16 38 30 02 16 31 48 36 
2008 17 26 32 39 07 30 24 47 
2008 18 31 23 40 45 12 37 35 
2008 19 04 15 39 06 29 33 18 
2008 20 22 05 08 29 02 41 28 
2008 21 15 38 29 05 32 39 31 
2008 22 48 27 24 22 18 30 03 
2008 23 14 47 09 33 24 02 48 
2008 24 39 34 09 23 30 20 13 
2008 25 06 17 13 35 49 08 45 
2008 26 07 22 05 35 32 30 13 
2008 27 49 05 02 13 21 20 36 
2008 28 25 07 12 24 39 44 27 
2008 29 31 16 38 25 49 36 29 
2008 30 23 13 05 28 40 15 17 
2008 31 36 31 44 33 28 12 07 
2008 32 10 21 47 22 08 30 28 
2008 33 37 44 13 23 28 30 49 
2008 34 12 26 04 33 45 22 08 
2008 35 49 48 18 38 13 32 40 
2008 36 15 35 07 25 22 14 32 
2008 37 16 32 03 45 04 48 23 
2008 38 09 39 30 06 32 48 04 
2008 39 49 16 44 27 15 40 31 
2008 40 17 28 41 36 06 01 31 
2008 41 21 13 11 36 39 40 43 
2008 42 38 34 23 09 22 01 24 
2008 43 25 38 48 31 08 43 23 
2008 44 10 31 07 48 11 27 05 
2008 45 16 10 42 19 46 07 20 
2008 46 14 08 36 40 46 31 09 
2008 47 35 12 31 25 08 13 21 
2008 48 19 17 13 32 15 24 09 
2008 49 25 41 22 24 40 20 35 
2008 50 39 37 03 05 01 04 08 
2008 51 26 28 13 08 49 07 17 
2008 52 16 49 35 31 37 24 39 
2008 53 49 06 05 41 27 47 40 
2008 54 08 34 40 37 19 26 29 
2008 55 47 45 38 22 07 21 40 
2008 56 18 24 45 46 48 03 31 
2008 57 06 25 01 04 47 23 49 
2008 58 29 23 34 19 41 01 15 
2008 59 12 05 31 01 19 14 45 
2008 60 29 24 28 22 23 43 06 
2008 61 39 01 44 49 27 06 36 
2008 62 42 36 26 11 31 34 13 
2008 63 41 40 33 05 32 49 30 
2008 64 14 06 39 45 11 23 10 
2008 65 11 07 02 20 29 45 48 
2008 66 37 06 22 09 04 15 03 
2008 67 03 44 41 19 15 40 13 
2008 68 13 32 03 05 06 31 15 
2008 69 02 18 11 45 39 26 24 
2008 70 34 29 13 05 44 01 25 
2008 71 09 29 22 27 42 08 38 
2008 72 48 40 33 46 39 08 24 
2008 73 28 07 01 19 34 02 05 
2008 74 48 31 21 03 26 29 01 
2008 75 15 07 38 20 02 06 14 
2008 76 21 19 15 24 18 26 36 
2008 77 17 41 44 18 05 12 32 
2008 78 38 27 21 05 25 40 11 
2008 79 17 47 24 38 09 19 03 
2008 80 18 38 25 47 27 15 02 
2008 81 46 18 35 01 24 29 02 
2008 82 45 40 29 33 43 10 08 
2008 83 38 29 45 31 15 05 48 
2008 84 09 41 48 13 10 12 06 
2008 85 07 34 35 15 25 38 06 
2008 86 25 33 01 34 41 08 28 
2008 87 08 33 11 06 35 04 25 
2008 88 11 49 16 06 38 42 40 
2008 89 30 47 23 03 24 17 26 
2008 90 21 19 15 08 42 32 10 
2008 91 28 26 11 31 10 15 43 
2008 92 46 27 23 41 16 20 06 
2008 93 38 25 14 43 46 32 35 
2008 94 32 07 19 39 24 26 20 
2008 95 01 20 21 03 37 35 46 
2008 96 20 09 10 03 34 25 41 
2008 97 25 02 43 13 19 30 44 
2008 98 38 21 34 01 27 31 10 
2008 99 02 49 37 10 08 44 22 
2008 100 13 09 22 16 31 24 18 
2008 101 22 07 17 42 26 31 12 
2008 102 38 23 18 22 10 04 35 
2008 103 07 48 15 23 29 03 05 
2008 104 12 08 25 20 49 02 34 
2008 105 46 34 16 08 09 03 42 
2008 106 40 04 14 09 36 25 45 
2008 107 02 34 17 46 49 38 33 
2008 108 05 49 28 04 27 10 46 
2008 109 01 29 16 46 04 15 30 
2008 110 39 33 36 17 07 44 31 
2008 111 26 11 47 27 40 39 34 
2008 112 42 32 17 29 20 13 15 
2008 113 14 22 19 04 16 35 09 
2008 114 34 46 04 49 26 10 05 
2008 115 01 27 38 19 02 12 41 
2008 116 46 37 35 11 38 08 27 
2008 117 11 19 14 44 21 41 31 
2008 118 31 44 21 06 40 42 07 
2008 119 07 09 03 06 32 35 24 
2008 120 37 08 01 09 35 32 14 
2008 121 46 05 21 19 27 09 37 
2008 122 22 13 18 30 03 20 39 
2008 123 13 03 26 10 11 48 09 
2008 124 13 33 40 05 23 37 39 
2008 125 32 19 23 44 17 11 25 
2008 126 25 08 01 38 20 43 39 
2008 127 43 35 05 42 06 28 04 
2008 128 24 01 15 48 04 06 43 
2008 129 19 32 27 17 20 35 11 
2008 130 33 09 34 10 43 20 42 
2008 131 32 02 08 05 24 37 35 
2008 132 28 18 32 29 05 11 10 
2008 133 41 13 40 31 04 36 49 
2008 134 28 01 04 24 17 03 07 
2008 135 38 03 48 46 18 09 13 
2008 136 06 36 46 14 21 04 41 
2008 137 06 27 37 33 36 05 48 
2008 138 43 30 31 29 03 13 08 
2008 139 35 47 10 08 37 28 12 
2008 140 26 28 17 09 30 04 01 
2008 141 21 44 14 47 07 43 35 
2008 142 47 01 48 11 41 10 20 
2008 143 40 01 27 07 36 48 13 
2008 144 32 44 36 38 29 21 43 
2008 145 40 22 31 27 46 02 13 
2008 146 06 20 34 26 40 13 10 
2008 147 29 33 48 24 26 22 46 
2008 148 02 21 24 34 17 19 18 
2008 149 04 29 40 18 47 08 09 
2009 1 16 30 21 02 10 22 26 
2009 2 23 42 45 30 09 14 19 
2009 3 22 46 19 33 18 42 07 
2009 4 07 16 03 47 19 44 31 
2009 5 36 41 15 12 49 40 42 
2009 6 06 09 32 24 10 12 30 
2009 7 01 47 28 29 16 15 37 
2009 8 34 42 22 13 05 29 37 
2009 9 37 44 47 05 17 38 12 
2009 10 44 40 47 04 12 19 49 
2009 11 42 13 07 21 17 45 36 
2009 12 36 09 25 08 17 06 04 
2009 13 09 14 24 10 04 29 38 
2009 14 26 12 46 08 44 31 42 
2009 15 03 47 36 46 25 23 20 
2009 16 42 44 09 48 12 45 35 
2009 17 04 14 24 21 48 06 08 
2009 18 32 42 10 22 14 28 36 
2009 19 12 37 39 31 17 46 08 
2009 20 39 12 26 08 15 44 06 
2009 21 36 26 09 16 06 29 08 
2009 22 15 21 14 08 20 07 44 
2009 23 47 38 32 09 37 01 25 
2009 24 15 24 14 23 19 25 02 
2009 25 24 22 34 15 05 46 26 
2009 26 22 37 25 49 30 38 15 
2009 27 07 33 17 02 47 20 45 
2009 28 11 40 04 03 28 37 36 
2009 29 48 21 39 27 33 32 09 
2009 30 32 16 30 15 02 12 05 
2009 31 43 10 16 19 42 33 12 
2009 32 37 14 11 21 17 12 10 
2009 33 32 14 21 18 06 46 43 
2009 34 27 32 23 13 43 34 22 
2009 35 12 16 04 38 46 15 21 
2009 36 42 36 05 38 14 34 19 
2009 37 42 24 40 32 43 36 47 
2009 38 29 01 07 15 23 35 14 
2009 39 33 39 07 13 20 45 30 
2009 40 02 18 46 17 10 06 34 
2009 41 45 04 21 29 41 22 14 
2009 42 44 07 29 09 49 22 01 
2009 43 38 47 16 45 03 25 35 
2009 44 27 02 42 22 41 07 05 
2009 45 19 12 11 01 30 28 49 
2009 46 33 14 29 10 48 22 05 
2009 47 31 04 43 41 18 42 24 
2009 48 45 34 46 20 42 15 23 
2009 49 34 17 46 38 04 49 07 
2009 50 41 07 20 36 03 34 39 
2009 51 08 21 30 49 38 11 35 
2009 52 06 29 18 01 39 48 10 
2009 53 31 30 45 41 05 29 47 
2009 54 07 03 09 16 34 02 14 
2009 55 48 11 21 41 28 14 32 
2009 56 29 09 38 25 36 41 23 
2009 57 49 43 46 23 06 31 40 
2009 58 03 07 20 18 27 11 02 
2009 59 45 36 28 38 40 33 04 
2009 60 21 32 46 08 01 37 22 
2009 61 25 11 14 27 47 19 20 
2009 62 49 02 28 46 12 20 31 
2009 63 14 27 09 12 36 20 11 
2009 64 47 29 26 05 07 18 02 
2009 65 04 43 09 24 22 19 01 
2009 66 01 23 05 08 48 32 03 
2009 67 46 13 16 07 35 42 25 
2009 68 08 11 33 43 20 15 34 
2009 69 42 39 12 43 13 25 38 
2009 70 37 41 16 30 27 25 36 
2009 71 26 02 19 17 22 11 13 
2009 72 07 11 24 32 49 35 46 
2009 73 34 01 19 39 48 43 45 
2009 74 36 45 30 26 19 12 20 
2009 75 16 26 18 21 48 30 45 
2009 76 17 05 11 15 46 25 24 
2009 77 22 24 40 19 06 29 04 
2009 78 20 02 19 49 14 17 26 
2009 79 47 38 41 06 30 27 20 
2009 80 24 30 46 31 26 04 02 
2009 81 02 09 21 47 18 32 26 
2009 82 02 39 10 46 47 19 41 
2009 83 14 45 03 17 29 05 31 
2009 84 39 38 29 24 41 28 19 
2009 85 13 15 04 06 01 48 39 
2009 86 11 03 01 47 15 39 44 
2009 87 23 22 04 31 47 36 20 
2009 88 49 04 28 46 11 20 31 
2009 89 18 12 04 40 11 21 44 
2009 90 08 45 48 47 01 20 11 
2009 91 32 09 36 34 37 27 20 
2009 92 48 39 38 18 47 28 24 
2009 93 08 05 30 10 11 23 42 
2009 94 24 15 31 39 23 01 33 
2009 95 27 18 29 37 03 06 04 
2009 96 24 34 06 23 16 20 42 
2009 97 33 03 20 18 15 01 48 
2009 98 26 12 22 27 29 15 37 
2009 99 48 04 12 29 03 32 16 
2009 100 15 11 32 12 24 05 39 
2009 101 24 05 42 08 17 30 34 
2009 102 35 33 04 18 26 17 40 
2009 103 22 17 19 40 27 46 04 
2009 104 14 09 49 06 47 17 38 
2009 105 09 24 41 48 35 40 31 
2009 106 21 13 11 20 28 16 15 
2009 107 29 31 35 33 07 32 48 
2009 108 35 03 43 01 14 17 47 
2009 109 35 11 49 14 17 16 34 
2009 110 30 28 24 21 48 19 26 
2009 111 41 23 28 39 37 20 26 
2009 112 09 05 18 01 24 32 38 
2009 113 34 09 36 19 22 26 24 
2009 114 03 01 41 30 47 09 19 
2009 115 33 15 48 01 40 05 21 
2009 116 16 39 04 06 22 11 10 
2009 117 36 12 15 24 49 17 14 
2009 118 35 39 21 31 33 44 28 
2009 119 19 16 12 49 02 20 04 
2009 120 36 18 43 15 13 45 07 
2009 121 15 17 22 37 47 39 26 
2009 122 42 32 04 20 02 15 48 
2009 123 34 08 46 39 26 36 35 
2009 124 40 01 47 02 29 24 07 
2009 125 25 34 26 41 45 22 15 
2009 126 41 35 16 13 31 42 36 
2009 127 44 15 14 16 18 13 48 
2009 128 30 27 29 25 11 44 23 
2009 129 33 19 43 42 45 03 44 
2009 130 42 03 13 40 31 09 30 
2009 131 38 17 35 27 32 02 41 
2009 132 24 08 02 22 35 18 17 
2009 133 10 09 06 20 01 46 14 
2009 134 42 26 28 06 15 03 21 
2009 135 42 09 02 43 04 28 45 
2009 136 11 19 41 35 45 13 24 
2009 137 02 38 23 28 45 08 21 
2009 138 24 07 45 21 33 35 26 
2009 139 17 42 03 01 09 18 07 
2009 140 25 38 01 05 32 39 04 
2009 141 05 44 10 04 17 39 24 
2009 142 20 15 10 46 21 34 04 
2009 143 14 01 38 17 35 23 31 
2009 144 35 31 12 29 06 23 21 
2009 145 04 15 16 49 34 08 45 
2009 146 40 46 37 08 09 49 41 
2009 147 10 40 27 28 47 46 18 
2009 148 43 04 30 49 37 02 10 
2009 149 04 45 24 32 02 28 38 
2009 150 33 06 44 23 30 43 10 
2009 151 20 22 27 26 44 31 49 
2009 152 42 27 21 17 36 06 23 
2009 153 33 39 09 38 27 40 14 
2009 154 33 26 28 41 31 40 19 
2010 1 11 13 22 16 21 18 06 
2010 2 22 28 16 05 14 26 27 
2010 3 05 14 45 48 16 25 42 
2010 4 45 08 16 40 04 39 10 
2010 5 29 09 30 23 25 48 01 
2010 6 26 48 38 27 21 35 41 
2010 7 05 19 35 18 45 28 27 
2010 8 09 02 03 11 24 33 40 
2010 9 48 07 06 24 17 41 16 
2010 10 46 18 19 39 26 34 02 
2010 11 09 08 38 17 37 31 02 
2010 12 03 43 46 15 32 09 28 
2010 13 06 32 30 34 02 04 40 
2010 14 10 38 01 13 14 39 41 
2010 15 25 09 42 47 20 36 13 
2010 16 41 24 16 05 01 13 14 
2010 17 10 14 13 49 04 08 07 
2010 18 36 35 24 27 21 32 16 
2010 19 29 27 05 26 21 28 44 
2010 20 20 17 01 49 07 29 19 
2010 21 32 11 28 07 05 04 03 
2010 22 04 32 03 45 11 15 01 
2010 23 08 19 43 44 48 49 46 
2010 24 47 37 11 44 20 31 46 
2010 25 25 17 36 22 16 18 47 
2010 26 06 28 10 01 21 35 46 
2010 27 24 11 10 33 34 38 16 
2010 28 28 12 46 31 03 26 16 
2010 29 17 28 09 45 13 14 20 
2010 30 14 40 10 35 48 43 21 
2010 31 39 22 04 01 14 18 48 
2010 32 16 04 37 47 28 38 30 
2010 33 39 19 37 04 41 30 31 
2010 34 45 12 39 08 29 33 36 
2010 35 46 11 32 07 22 27 17 
2010 36 16 47 29 44 14 45 42 
2010 37 01 44 22 36 03 08 29 
2010 38 29 31 40 02 48 22 20 
2010 39 42 20 31 43 23 21 41 
2010 40 43 37 40 35 11 23 30 
2010 41 42 35 20 25 45 11 08 
2010 42 03 30 33 37 25 05 35 
2010 43 36 38 07 41 02 20 40 
2010 44 32 42 46 37 33 31 17 
2010 45 36 21 37 35 19 30 33 
2010 46 38 02 49 42 01 24 19 
2010 47 27 06 35 17 25 40 32 
2010 48 29 01 39 16 23 46 17 
2010 49 23 12 05 39 29 16 11 
2010 50 03 21 33 22 18 13 08 
2010 51 05 24 41 07 26 49 03 
2010 52 26 41 28 16 44 07 24 
2010 53 19 41 40 34 46 24 15 
2010 54 37 40 31 02 39 38 44 
2010 55 01 27 34 08 21 05 20 
2010 56 40 35 34 15 29 26 09 
2010 57 22 49 39 37 31 16 32 
2010 58 44 39 32 47 29 01 17 
2010 59 07 48 12 20 04 39 14 
2010 60 22 37 11 10 04 15 49 
2010 61 12 26 29 18 33 17 41 
2010 62 14 40 43 30 18 46 27 
2010 63 28 49 09 22 32 33 18 
2010 64 16 26 04 25 33 42 30 
2010 65 24 11 07 46 28 13 26 
2010 66 42 19 44 16 26 05 06 
2010 67 15 37 38 40 30 09 01 
2010 68 08 07 23 47 21 12 10 
2010 69 49 26 36 08 32 35 24 
2010 70 21 20 02 40 19 11 43 
2010 71 05 21 18 49 35 10 11 
2010 72 45 48 11 42 15 05 14 
2010 73 12 08 27 13 35 02 37 
2010 74 04 09 20 02 35 40 44 
2010 75 23 34 05 26 49 31 24 
2010 76 20 07 15 41 13 21 02 
2010 77 21 11 41 48 08 38 49 
2010 78 02 49 14 13 45 21 19 
2010 79 42 21 14 17 46 29 49 
2010 80 40 04 47 16 46 43 27 
2010 81 02 42 25 27 22 35 13 
2010 82 05 25 48 43 02 03 24 
2010 83 02 16 41 10 44 18 31 
2010 84 07 34 12 40 48 30 33 
2010 85 26 47 13 29 05 40 42 
2010 86 42 33 15 06 25 22 24 
2010 87 04 17 43 28 23 46 22 
2010 88 12 38 41 49 13 44 22 
2010 89 37 33 28 29 35 12 22 
2010 90 17 09 35 31 26 36 42 
2010 91 08 46 42 49 30 48 07 
2010 92 46 45 34 18 41 03 37 
2010 93 39 20 12 30 05 08 23 
2010 94 29 17 42 06 48 33 34 
2010 95 38 17 34 46 06 12 43 
2010 96 25 02 35 08 05 22 16 
2010 97 08 43 48 12 30 46 35 
2010 98 49 34 40 21 37 18 28 
2010 99 11 09 37 06 25 16 45 
2010 100 10 09 01 36 07 44 37 
2010 101 03 01 06 07 49 36 42 
2010 102 46 06 39 49 40 16 41 
2010 103 11 48 07 23 03 20 38 
2010 104 17 25 34 43 19 45 47 
2010 105 02 03 16 42 43 45 27 
2010 106 19 34 37 04 02 41 05 
2010 107 35 36 24 39 10 20 12 
2010 108 03 22 39 04 07 30 06 
2010 109 08 47 49 05 46 31 34 
2010 110 40 26 33 19 12 17 25 
2010 111 35 23 48 36 13 10 47 
2010 112 39 23 30 37 16 43 05 
2010 113 49 42 31 30 45 07 46 
2010 114 26 18 22 21 29 09 27 
2010 115 16 36 27 21 07 17 06 
2010 116 29 16 08 31 05 06 12 
2010 117 21 15 14 22 40 32 02 
2010 118 22 37 45 44 41 42 27 
2010 119 24 13 38 46 21 09 27 
2010 120 47 10 26 42 07 04 13 
2010 121 30 45 01 44 49 29 41 
2010 122 38 29 43 20 02 39 37 
2010 123 09 35 46 04 23 49 18 
2010 124 28 33 42 01 41 45 08 
2010 125 14 33 41 20 03 08 32 
2010 126 08 47 31 36 17 09 46 
2010 127 24 12 07 49 08 30 27 
2010 128 36 17 24 05 45 25 15 
2010 129 27 25 09 05 44 33 17 
2010 130 41 45 43 49 15 04 18 
2010 131 15 43 05 29 06 28 48 
2010 132 21 28 48 47 07 18 35 
2010 133 46 03 39 49 12 20 19 
2010 134 30 06 47 20 33 39 23 
2010 135 06 30 09 33 03 29 14 
2010 136 30 10 24 11 01 49 35 
2010 137 28 39 22 45 17 31 08 
2010 138 26 44 13 43 17 25 42 
2010 139 16 19 45 03 48 14 09 
2010 140 11 06 17 40 41 31 34 
2010 141 10 20 46 47 09 42 27 
2010 142 28 12 13 20 18 48 14 
2010 143 04 20 10 33 36 25 37 
2010 144 27 15 24 30 18 22 10 
2010 145 29 28 07 48 03 38 40 
2010 146 18 13 29 19 12 27 10 
2010 147 45 15 39 19 34 44 23 
2010 148 04 41 12 18 16 05 07 
2010 149 04 03 35 41 24 15 36 
2010 150 04 43 01 13 02 48 11 
2010 151 08 36 28 37 23 31 12 
2010 152 13 04 18 39 36 20 12 




@

@

@

@

@
