交易日期	時間(時/分/秒/毫秒)	臺指選擇權波動率指數
--------	-------------------	--------------------
20081121	8460000			55.81
20081121	8470000			56.51
20081121	8480000			56.48
20081121	8490000			56.11
20081121	8500000			55.95
20081121	8510000			56.10
20081121	8520000			56.27
20081121	8530000			56.11
20081121	8540000			56.01
20081121	8550000			56.14
20081121	8560000			56.15
20081121	8570000			56.18
20081121	8580000			56.33
20081121	8590000			56.46
20081121	9000000			56.58
20081121	9010000			56.46
20081121	9020000			56.69
20081121	9030000			56.84
20081121	9040000			56.75
20081121	9050000			56.54
20081121	9060000			56.63
20081121	9070000			56.45
20081121	9080000			56.50
20081121	9090000			56.05
20081121	9100000			56.12
20081121	9110000			56.16
20081121	9120000			56.14
20081121	9130000			56.16
20081121	9140000			56.41
20081121	9150000			56.51
20081121	9160000			56.48
20081121	9170000			56.76
20081121	9180000			57.20
20081121	9190000			57.51
20081121	9200000			57.37
20081121	9210000			57.35
20081121	9220000			57.35
20081121	9230000			57.26
20081121	9240000			57.26
20081121	9250000			57.18
20081121	9260000			57.13
20081121	9270000			57.14
20081121	9280000			57.19
20081121	9290000			57.10
20081121	9300000			57.14
20081121	9310000			57.09
20081121	9320000			56.98
20081121	9330000			56.86
20081121	9340000			56.66
20081121	9350000			56.58
20081121	9360000			56.63
20081121	9370000			56.64
20081121	9380000			56.64
20081121	9390000			56.68
20081121	9400000			56.61
20081121	9410000			56.74
20081121	9420000			56.77
20081121	9430000			56.63
20081121	9440000			56.55
20081121	9450000			56.50
20081121	9460000			56.35
20081121	9470000			56.20
20081121	9480000			56.24
20081121	9490000			56.21
20081121	9500000			56.05
20081121	9510000			56.11
20081121	9520000			56.14
20081121	9530000			56.18
20081121	9540000			56.28
20081121	9550000			56.23
20081121	9560000			56.17
20081121	9570000			56.17
20081121	9580000			56.26
20081121	9590000			56.25
20081121	10000000			56.16
20081121	10010000			56.25
20081121	10020000			56.12
20081121	10030000			56.14
20081121	10040000			56.17
20081121	10050000			56.21
20081121	10060000			56.27
20081121	10070000			56.28
20081121	10080000			56.12
20081121	10090000			56.14
20081121	10100000			56.06
20081121	10110000			56.10
20081121	10120000			56.04
20081121	10130000			55.84
20081121	10140000			55.73
20081121	10150000			55.79
20081121	10160000			55.86
20081121	10170000			55.86
20081121	10180000			55.98
20081121	10190000			56.11
20081121	10200000			56.04
20081121	10210000			55.97
20081121	10220000			55.91
20081121	10230000			55.83
20081121	10240000			55.81
20081121	10250000			55.84
20081121	10260000			55.84
20081121	10270000			55.78
20081121	10280000			55.82
20081121	10290000			55.85
20081121	10300000			55.85
20081121	10310000			55.82
20081121	10320000			55.85
20081121	10330000			55.89
20081121	10340000			55.98
20081121	10350000			55.94
20081121	10360000			56.05
20081121	10370000			56.14
20081121	10380000			56.12
20081121	10390000			56.17
20081121	10400000			56.07
20081121	10410000			55.95
20081121	10420000			56.04
20081121	10430000			56.10
20081121	10440000			56.04
20081121	10450000			55.95
20081121	10460000			55.97
20081121	10470000			56.06
20081121	10480000			56.07
20081121	10490000			56.18
20081121	10500000			56.14
20081121	10510000			56.24
20081121	10520000			56.13
20081121	10530000			56.04
20081121	10540000			56.10
20081121	10550000			56.11
20081121	10560000			56.16
20081121	10570000			56.16
20081121	10580000			56.17
20081121	10590000			56.01
20081121	11000000			55.96
20081121	11010000			55.85
20081121	11020000			55.71
20081121	11030000			55.77
20081121	11040000			55.74
20081121	11050000			55.82
20081121	11060000			55.77
20081121	11070000			55.83
20081121	11080000			55.84
20081121	11090000			55.86
20081121	11100000			55.87
20081121	11110000			55.84
20081121	11120000			55.87
20081121	11130000			55.80
20081121	11140000			55.81
20081121	11150000			55.79
20081121	11160000			55.80
20081121	11170000			55.79
20081121	11180000			55.86
20081121	11190000			55.95
20081121	11200000			55.95
20081121	11210000			55.93
20081121	11220000			55.93
20081121	11230000			55.98
20081121	11240000			56.06
20081121	11250000			56.07
20081121	11260000			56.06
20081121	11270000			56.24
20081121	11280000			56.17
20081121	11290000			56.22
20081121	11300000			56.34
20081121	11310000			56.46
20081121	11320000			56.83
20081121	11330000			56.76
20081121	11340000			56.84
20081121	11350000			56.80
20081121	11360000			56.86
20081121	11370000			56.83
20081121	11380000			56.76
20081121	11390000			56.76
20081121	11400000			56.83
20081121	11410000			56.72
20081121	11420000			56.59
20081121	11430000			56.56
20081121	11440000			56.49
20081121	11450000			56.52
20081121	11460000			56.52
20081121	11470000			56.47
20081121	11480000			56.50
20081121	11490000			56.45
20081121	11500000			56.50
20081121	11510000			56.47
20081121	11520000			56.47
20081121	11530000			56.44
20081121	11540000			56.47
20081121	11550000			56.49
20081121	11560000			56.48
20081121	11570000			56.46
20081121	11580000			56.36
20081121	11590000			56.22
20081121	12000000			56.04
20081121	12010000			56.02
20081121	12020000			56.01
20081121	12030000			55.97
20081121	12040000			55.97
20081121	12050000			55.95
20081121	12060000			55.96
20081121	12070000			55.98
20081121	12080000			55.98
20081121	12090000			56.05
20081121	12100000			56.08
20081121	12110000			56.20
20081121	12120000			56.18
20081121	12130000			56.16
20081121	12140000			56.08
20081121	12150000			56.02
20081121	12160000			55.97
20081121	12170000			55.98
20081121	12180000			55.99
20081121	12190000			56.08
20081121	12200000			56.15
20081121	12210000			56.15
20081121	12220000			55.99
20081121	12230000			55.81
20081121	12240000			55.57
20081121	12250000			55.69
20081121	12260000			55.43
20081121	12270000			55.26
20081121	12280000			54.96
20081121	12290000			55.05
20081121	12300000			54.87
20081121	12310000			54.79
20081121	12320000			54.77
20081121	12330000			54.73
20081121	12340000			54.67
20081121	12350000			54.75
20081121	12360000			54.69
20081121	12370000			54.64
20081121	12380000			54.66
20081121	12390000			54.43
20081121	12400000			54.36
20081121	12410000			54.37
20081121	12420000			54.45
20081121	12430000			54.48
20081121	12440000			54.58
20081121	12450000			54.61
20081121	12460000			54.64
20081121	12470000			54.70
20081121	12480000			54.66
20081121	12490000			54.65
20081121	12500000			54.63
20081121	12510000			54.66
20081121	12520000			54.66
20081121	12530000			54.73
20081121	12540000			54.85
20081121	12550000			54.81
20081121	12560000			54.87
20081121	12570000			54.92
20081121	12580000			54.93
20081121	12590000			55.02
20081121	13000000			55.02
20081121	13010000			55.04
20081121	13020000			54.99
20081121	13030000			54.94
20081121	13040000			54.96
20081121	13050000			54.96
20081121	13060000			55.02
20081121	13070000			55.06
20081121	13080000			55.03
20081121	13090000			55.00
20081121	13100000			55.06
20081121	13110000			54.96
20081121	13120000			55.03
20081121	13130000			55.02
20081121	13140000			55.01
20081121	13150000			55.01
20081121	13160000			55.03
20081121	13170000			55.02
20081121	13180000			55.03
20081121	13190000			55.04
20081121	13200000			55.04
20081121	13210000			55.03
20081121	13220000			55.01
20081121	13230000			55.06
20081121	13240000			55.06
20081121	13250000			55.08
20081121	13260000			55.04
20081121	13270000			54.97
20081121	13280000			55.02
20081121	13290000			55.01
20081121	13300000			55.07
20081121	13310000			54.95
20081121	13320000			54.98
20081121	13330000			55.01
20081121	13340000			54.98
20081121	13350000			55.00
20081121	13360000			55.10
20081121	13370000			55.10
20081121	13380000			55.08
20081121	13390000			55.13
20081121	13400000			55.12
20081121	13410000			55.11
20081121	13420000			55.11
20081121	13430000			55.04
20081121	13440000			55.23
20081121	13450000			55.40
