交易日期	時間(時/分/秒/毫秒)	臺指選擇權波動率指數
--------	-------------------	--------------------
20081105	8460000			52.80
20081105	8470000			52.32
20081105	8480000			52.47
20081105	8490000			52.10
20081105	8500000			52.64
20081105	8510000			52.67
20081105	8520000			52.56
20081105	8530000			52.51
20081105	8540000			52.37
20081105	8550000			52.45
20081105	8560000			52.42
20081105	8570000			52.42
20081105	8580000			52.46
20081105	8590000			52.48
20081105	9000000			52.54
20081105	9010000			52.78
20081105	9020000			52.96
20081105	9030000			52.94
20081105	9040000			53.08
20081105	9050000			53.08
20081105	9060000			53.42
20081105	9070000			53.69
20081105	9080000			53.14
20081105	9090000			53.28
20081105	9100000			53.28
20081105	9110000			53.42
20081105	9120000			53.42
20081105	9130000			53.55
20081105	9140000			53.49
20081105	9150000			53.51
20081105	9160000			53.40
20081105	9170000			53.36
20081105	9180000			53.33
20081105	9190000			53.30
20081105	9200000			53.67
20081105	9210000			53.79
20081105	9220000			53.79
20081105	9230000			53.73
20081105	9240000			53.67
20081105	9250000			53.73
20081105	9260000			53.73
20081105	9270000			53.70
20081105	9280000			53.68
20081105	9290000			53.69
20081105	9300000			53.67
20081105	9310000			53.89
20081105	9320000			53.86
20081105	9330000			53.78
20081105	9340000			53.73
20081105	9350000			53.80
20081105	9360000			53.73
20081105	9370000			53.72
20081105	9380000			53.69
20081105	9390000			53.63
20081105	9400000			53.55
20081105	9410000			53.51
20081105	9420000			53.34
20081105	9430000			53.37
20081105	9440000			53.40
20081105	9450000			53.42
20081105	9460000			53.47
20081105	9470000			53.43
20081105	9480000			53.32
20081105	9490000			53.35
20081105	9500000			53.34
20081105	9510000			53.36
20081105	9520000			53.33
20081105	9530000			53.31
20081105	9540000			53.31
20081105	9550000			53.39
20081105	9560000			53.46
20081105	9570000			53.41
20081105	9580000			53.49
20081105	9590000			53.56
20081105	10000000			53.54
20081105	10010000			53.44
20081105	10020000			53.45
20081105	10030000			53.43
20081105	10040000			53.39
20081105	10050000			53.45
20081105	10060000			53.43
20081105	10070000			53.31
20081105	10080000			53.20
20081105	10090000			53.18
20081105	10100000			53.13
20081105	10110000			53.13
20081105	10120000			53.18
20081105	10130000			53.17
20081105	10140000			53.17
20081105	10150000			53.15
20081105	10160000			53.17
20081105	10170000			53.18
20081105	10180000			53.04
20081105	10190000			52.98
20081105	10200000			53.04
20081105	10210000			53.01
20081105	10220000			52.98
20081105	10230000			53.03
20081105	10240000			53.05
20081105	10250000			53.05
20081105	10260000			53.07
20081105	10270000			53.13
20081105	10280000			53.10
20081105	10290000			53.10
20081105	10300000			53.09
20081105	10310000			53.08
20081105	10320000			52.96
20081105	10330000			52.96
20081105	10340000			52.86
20081105	10350000			52.88
20081105	10360000			52.85
20081105	10370000			52.81
20081105	10380000			52.73
20081105	10390000			52.64
20081105	10400000			52.66
20081105	10410000			52.52
20081105	10420000			52.49
20081105	10430000			52.41
20081105	10440000			52.25
20081105	10450000			52.30
20081105	10460000			52.12
20081105	10470000			52.02
20081105	10480000			51.98
20081105	10490000			51.97
20081105	10500000			51.99
20081105	10510000			51.89
20081105	10520000			51.84
20081105	10530000			51.78
20081105	10540000			51.80
20081105	10550000			51.78
20081105	10560000			51.84
20081105	10570000			51.82
20081105	10580000			51.78
20081105	10590000			51.75
20081105	11000000			51.74
20081105	11010000			51.91
20081105	11020000			51.58
20081105	11030000			51.56
20081105	11040000			51.43
20081105	11050000			51.25
20081105	11060000			51.15
20081105	11070000			51.02
20081105	11080000			50.93
20081105	11090000			50.87
20081105	11100000			50.80
20081105	11110000			50.89
20081105	11120000			50.89
20081105	11130000			50.92
20081105	11140000			51.32
20081105	11150000			50.99
20081105	11160000			50.97
20081105	11170000			51.19
20081105	11180000			51.03
20081105	11190000			51.12
20081105	11200000			51.10
20081105	11210000			51.08
20081105	11220000			51.06
20081105	11230000			51.02
20081105	11240000			50.95
20081105	11250000			50.90
20081105	11260000			50.87
20081105	11270000			50.85
20081105	11280000			50.71
20081105	11290000			50.68
20081105	11300000			50.67
20081105	11310000			50.66
20081105	11320000			50.69
20081105	11330000			50.73
20081105	11340000			50.78
20081105	11350000			50.84
20081105	11360000			50.78
20081105	11370000			50.76
20081105	11380000			50.71
20081105	11390000			50.71
20081105	11400000			50.71
20081105	11410000			50.72
20081105	11420000			50.68
20081105	11430000			50.73
20081105	11440000			50.79
20081105	11450000			50.76
20081105	11460000			50.79
20081105	11470000			50.76
20081105	11480000			50.77
20081105	11490000			50.80
20081105	11500000			50.78
20081105	11510000			50.78
20081105	11520000			50.82
20081105	11530000			50.91
20081105	11540000			50.86
20081105	11550000			50.89
20081105	11560000			50.86
20081105	11570000			50.83
20081105	11580000			50.81
20081105	11590000			50.83
20081105	12000000			50.73
20081105	12010000			50.72
20081105	12020000			50.82
20081105	12030000			50.85
20081105	12040000			50.96
20081105	12050000			50.87
20081105	12060000			50.93
20081105	12070000			50.88
20081105	12080000			50.96
20081105	12090000			51.04
20081105	12100000			51.16
20081105	12110000			52.04
20081105	12120000			51.47
20081105	12130000			51.46
20081105	12140000			51.49
20081105	12150000			51.46
20081105	12160000			51.45
20081105	12170000			51.47
20081105	12180000			51.47
20081105	12190000			51.11
20081105	12200000			51.29
20081105	12210000			51.21
20081105	12220000			51.26
20081105	12230000			51.29
20081105	12240000			51.21
20081105	12250000			51.16
20081105	12260000			50.98
20081105	12270000			50.96
20081105	12280000			50.92
20081105	12290000			50.90
20081105	12300000			50.97
20081105	12310000			51.09
20081105	12320000			51.01
20081105	12330000			51.10
20081105	12340000			51.17
20081105	12350000			51.22
20081105	12360000			51.28
20081105	12370000			51.14
20081105	12380000			51.19
20081105	12390000			51.17
20081105	12400000			51.26
20081105	12410000			51.26
20081105	12420000			51.28
20081105	12430000			51.24
20081105	12440000			51.23
20081105	12450000			51.02
20081105	12460000			51.07
20081105	12470000			51.04
20081105	12480000			51.02
20081105	12490000			51.02
20081105	12500000			50.92
20081105	12510000			51.02
20081105	12520000			50.93
20081105	12530000			50.86
20081105	12540000			50.88
20081105	12550000			50.84
20081105	12560000			50.98
20081105	12570000			51.09
20081105	12580000			51.19
20081105	12590000			51.63
20081105	13000000			51.07
20081105	13010000			50.92
20081105	13020000			50.96
20081105	13030000			51.77
20081105	13040000			51.18
20081105	13050000			50.95
20081105	13060000			50.94
20081105	13070000			50.92
20081105	13080000			50.83
20081105	13090000			50.75
20081105	13100000			50.78
20081105	13110000			51.41
20081105	13120000			51.09
20081105	13130000			51.08
20081105	13140000			50.93
20081105	13150000			50.99
20081105	13160000			50.89
20081105	13170000			50.89
20081105	13180000			51.00
20081105	13190000			51.02
20081105	13200000			50.96
20081105	13210000			51.08
20081105	13220000			50.94
20081105	13230000			50.97
20081105	13240000			50.77
20081105	13250000			51.02
20081105	13260000			50.96
20081105	13270000			50.96
20081105	13280000			51.02
20081105	13290000			51.02
20081105	13300000			51.03
20081105	13310000			51.02
20081105	13320000			51.07
20081105	13330000			51.07
20081105	13340000			51.11
20081105	13350000			51.09
20081105	13360000			51.36
20081105	13370000			51.04
20081105	13380000			51.04
20081105	13390000			51.02
20081105	13400000			50.99
20081105	13410000			51.12
20081105	13420000			51.10
20081105	13430000			51.02
20081105	13440000			51.00
20081105	13450000			51.16
