交易日期	時間(時/分/秒/毫秒)	臺指選擇權波動率指數
--------	-------------------	--------------------
20081119	8460000			39.15
20081119	8470000			42.70
20081119	8480000			43.65
20081119	8490000			45.48
20081119	8500000			43.39
20081119	8510000			43.26
20081119	8520000			43.38
20081119	8530000			43.49
20081119	8540000			43.60
20081119	8550000			45.15
20081119	8560000			43.53
20081119	8570000			43.46
20081119	8580000			43.44
20081119	8590000			43.42
20081119	9000000			43.29
20081119	9010000			43.26
20081119	9020000			43.32
20081119	9030000			43.18
20081119	9040000			45.05
20081119	9050000			44.85
20081119	9060000			44.79
20081119	9070000			44.79
20081119	9080000			43.31
20081119	9090000			43.32
20081119	9100000			43.44
20081119	9110000			43.43
20081119	9120000			43.24
20081119	9130000			43.29
20081119	9140000			43.30
20081119	9150000			43.29
20081119	9160000			43.28
20081119	9170000			43.32
20081119	9180000			43.45
20081119	9190000			43.47
20081119	9200000			43.62
20081119	9210000			43.70
20081119	9220000			43.67
20081119	9230000			43.76
20081119	9240000			44.23
20081119	9250000			43.99
20081119	9260000			44.03
20081119	9270000			44.04
20081119	9280000			43.99
20081119	9290000			44.13
20081119	9300000			44.12
20081119	9310000			44.10
20081119	9320000			44.10
20081119	9330000			44.10
20081119	9340000			44.10
20081119	9350000			44.12
20081119	9360000			44.13
20081119	9370000			44.09
20081119	9380000			44.04
20081119	9390000			44.02
20081119	9400000			44.01
20081119	9410000			44.03
20081119	9420000			43.90
20081119	9430000			43.91
20081119	9440000			43.42
20081119	9450000			43.59
20081119	9460000			43.55
20081119	9470000			43.26
20081119	9480000			43.49
20081119	9490000			43.37
20081119	9500000			44.22
20081119	9510000			43.27
20081119	9520000			43.30
20081119	9530000			44.18
20081119	9540000			43.50
20081119	9550000			44.09
20081119	9560000			43.52
20081119	9570000			43.54
20081119	9580000			43.41
20081119	9590000			43.86
20081119	10000000			43.84
20081119	10010000			43.58
20081119	10020000			46.03
20081119	10030000			43.86
20081119	10040000			43.81
20081119	10050000			43.26
20081119	10060000			43.16
20081119	10070000			43.20
20081119	10080000			43.16
20081119	10090000			43.08
20081119	10100000			43.17
20081119	10110000			43.33
20081119	10120000			43.18
20081119	10130000			43.23
20081119	10140000			43.27
20081119	10150000			43.26
20081119	10160000			43.31
20081119	10170000			43.43
20081119	10180000			43.57
20081119	10190000			43.46
20081119	10200000			43.93
20081119	10210000			43.51
20081119	10220000			43.64
20081119	10230000			43.51
20081119	10240000			43.53
20081119	10250000			43.50
20081119	10260000			43.42
20081119	10270000			43.41
20081119	10280000			43.29
20081119	10290000			43.29
20081119	10300000			43.24
20081119	10310000			43.26
20081119	10320000			43.22
20081119	10330000			43.32
20081119	10340000			43.33
20081119	10350000			43.26
20081119	10360000			43.97
20081119	10370000			43.31
20081119	10380000			43.35
20081119	10390000			44.10
20081119	10400000			43.25
20081119	10410000			43.27
20081119	10420000			43.25
20081119	10430000			43.16
20081119	10440000			43.22
20081119	10450000			43.26
20081119	10460000			43.50
20081119	10470000			43.10
20081119	10480000			42.98
20081119	10490000			43.09
20081119	10500000			43.85
20081119	10510000			43.63
20081119	10520000			43.19
20081119	10530000			43.26
20081119	10540000			43.09
20081119	10550000			43.11
20081119	10560000			42.90
20081119	10570000			43.43
20081119	10580000			43.07
20081119	10590000			44.00
20081119	11000000			43.09
20081119	11010000			43.13
20081119	11020000			43.68
20081119	11030000			43.32
20081119	11040000			43.19
20081119	11050000			43.23
20081119	11060000			43.77
20081119	11070000			43.23
20081119	11080000			43.81
20081119	11090000			42.89
20081119	11100000			42.88
20081119	11110000			42.95
20081119	11120000			42.92
20081119	11130000			42.94
20081119	11140000			42.93
20081119	11150000			42.91
20081119	11160000			42.84
20081119	11170000			42.94
20081119	11180000			42.96
20081119	11190000			42.83
20081119	11200000			42.87
20081119	11210000			42.85
20081119	11220000			43.76
20081119	11230000			43.01
20081119	11240000			43.06
20081119	11250000			43.04
20081119	11260000			43.02
20081119	11270000			42.99
20081119	11280000			42.99
20081119	11290000			42.95
20081119	11300000			42.99
20081119	11310000			43.00
20081119	11320000			43.52
20081119	11330000			42.96
20081119	11340000			43.03
20081119	11350000			43.07
20081119	11360000			43.14
20081119	11370000			42.83
20081119	11380000			43.03
20081119	11390000			43.14
20081119	11400000			43.11
20081119	11410000			43.16
20081119	11420000			42.94
20081119	11430000			42.84
20081119	11440000			42.79
20081119	11450000			43.16
20081119	11460000			42.90
20081119	11470000			42.96
20081119	11480000			42.97
20081119	11490000			42.93
20081119	11500000			42.98
20081119	11510000			43.00
20081119	11520000			42.81
20081119	11530000			42.93
20081119	11540000			42.88
20081119	11550000			42.91
20081119	11560000			42.98
20081119	11570000			43.91
20081119	11580000			43.93
20081119	11590000			44.03
20081119	12000000			43.82
20081119	12010000			44.10
20081119	12020000			43.96
20081119	12030000			43.97
20081119	12040000			43.94
20081119	12050000			44.14
20081119	12060000			44.13
20081119	12070000			44.23
20081119	12080000			44.27
20081119	12090000			44.47
20081119	12100000			44.23
20081119	12110000			43.85
20081119	12120000			44.33
20081119	12130000			44.22
20081119	12140000			44.17
20081119	12150000			44.25
20081119	12160000			44.35
20081119	12170000			44.41
20081119	12180000			44.35
20081119	12190000			44.39
20081119	12200000			44.49
20081119	12210000			44.50
20081119	12220000			44.45
20081119	12230000			45.02
20081119	12240000			44.41
20081119	12250000			44.35
20081119	12260000			44.38
20081119	12270000			44.40
20081119	12280000			44.33
20081119	12290000			44.34
20081119	12300000			44.41
20081119	12310000			44.46
20081119	12320000			45.03
20081119	12330000			44.54
20081119	12340000			44.46
20081119	12350000			44.43
20081119	12360000			44.41
20081119	12370000			44.50
20081119	12380000			44.61
20081119	12390000			45.19
20081119	12400000			44.90
20081119	12410000			44.59
20081119	12420000			44.61
20081119	12430000			44.51
20081119	12440000			45.31
20081119	12450000			45.12
20081119	12460000			44.56
20081119	12470000			44.36
20081119	12480000			44.49
20081119	12490000			44.62
20081119	12500000			44.69
20081119	12510000			44.54
20081119	12520000			44.50
20081119	12530000			44.72
20081119	12540000			43.80
20081119	12550000			44.60
20081119	12560000			44.49
20081119	12570000			44.33
20081119	12580000			44.64
20081119	12590000			44.78
20081119	13000000			44.90
20081119	13010000			45.00
20081119	13020000			45.48
20081119	13030000			44.73
20081119	13040000			45.05
20081119	13050000			45.95
20081119	13060000			45.08
20081119	13070000			45.55
20081119	13080000			46.47
20081119	13090000			45.92
20081119	13100000			45.52
20081119	13110000			45.52
20081119	13120000			45.48
20081119	13130000			45.48
20081119	13140000			45.51
20081119	13150000			45.55
20081119	13160000			45.57
20081119	13170000			45.77
20081119	13180000			45.62
20081119	13190000			45.54
20081119	13200000			45.52
20081119	13210000			45.19
20081119	13220000			45.18
20081119	13230000			45.23
20081119	13240000			44.88
20081119	13250000			45.28
20081119	13260000			45.28
20081119	13270000			45.24
20081119	13280000			44.90
20081119	13290000			45.32
20081119	13300000			45.31
20081119	13310000			45.26
20081119	13320000			45.28
20081119	13330000			44.82
20081119	13340000			45.29
20081119	13350000			45.31
20081119	13360000			45.34
20081119	13370000			45.11
20081119	13380000			45.13
20081119	13390000			45.13
20081119	13400000			45.12
20081119	13410000			45.11
20081119	13420000			45.14
20081119	13430000			45.16
20081119	13440000			45.19
20081119	13450000			45.12
