交易日期	時間(時/分/秒/毫秒)	臺指選擇權波動率指數
--------	-------------------	--------------------
20081118	8460100			45.99
20081118	8470100			46.77
20081118	8480000			46.73
20081118	8490000			47.12
20081118	8500100			47.25
20081118	8510100			46.98
20081118	8520100			47.08
20081118	8530000			47.03
20081118	8540100			47.07
20081118	8550100			47.32
20081118	8560000			47.25
20081118	8570000			47.10
20081118	8580000			47.08
20081118	8590100			46.92
20081118	9000100			46.48
20081118	9010100			46.50
20081118	9020100			46.50
20081118	9030100			46.52
20081118	9040100			46.52
20081118	9050100			46.53
20081118	9060000			46.08
20081118	9070100			46.56
20081118	9080100			46.38
20081118	9090000			45.76
20081118	9100100			45.76
20081118	9110100			45.87
20081118	9120100			45.50
20081118	9130100			45.65
20081118	9140100			45.69
20081118	9150100			45.69
20081118	9160100			45.68
20081118	9170000			45.72
20081118	9180100			45.59
20081118	9190100			45.60
20081118	9200000			45.69
20081118	9210000			45.61
20081118	9220100			45.57
20081118	9230100			45.40
20081118	9240100			45.07
20081118	9250100			45.25
20081118	9260100			45.25
20081118	9270100			45.11
20081118	9280100			44.76
20081118	9290100			44.97
20081118	9300100			44.90
20081118	9310100			46.25
20081118	9320100			45.09
20081118	9330100			45.01
20081118	9340100			45.33
20081118	9350100			45.13
20081118	9360100			45.25
20081118	9370100			45.33
20081118	9380100			45.44
20081118	9390000			45.42
20081118	9400100			45.47
20081118	9410000			45.56
20081118	9420100			45.48
20081118	9430100			45.52
20081118	9440000			44.92
20081118	9450100			45.38
20081118	9460000			46.03
20081118	9470100			46.08
20081118	9480100			45.45
20081118	9490100			45.35
20081118	9500100			45.34
20081118	9510100			45.86
20081118	9520100			45.16
20081118	9530100			45.66
20081118	9540100			45.63
20081118	9550100			45.17
20081118	9560100			46.05
20081118	9570000			45.73
20081118	9580100			46.95
20081118	9590100			45.71
20081118	10000100			45.31
20081118	10010000			45.82
20081118	10020000			47.08
20081118	10030100			45.61
20081118	10040000			45.49
20081118	10050100			45.44
20081118	10060100			44.34
20081118	10070100			46.66
20081118	10080100			45.78
20081118	10090100			45.37
20081118	10100100			45.29
20081118	10110100			44.91
20081118	10120100			44.48
20081118	10130000			45.13
20081118	10140000			45.03
20081118	10150000			45.27
20081118	10160000			45.32
20081118	10170000			45.29
20081118	10180000			45.17
20081118	10190000			45.76
20081118	10200000			46.32
20081118	10210000			45.25
20081118	10220000			45.21
20081118	10230000			45.75
20081118	10240000			45.30
20081118	10250000			45.27
20081118	10260000			44.82
20081118	10270000			45.14
20081118	10280000			45.08
20081118	10290000			44.99
20081118	10300000			44.94
20081118	10310000			44.85
20081118	10320000			44.97
20081118	10330000			45.36
20081118	10340000			44.89
20081118	10350000			44.79
20081118	10360000			45.46
20081118	10370000			45.19
20081118	10380000			45.21
20081118	10390000			45.73
20081118	10400000			45.15
20081118	10410000			45.09
20081118	10420000			44.99
20081118	10430000			45.67
20081118	10440000			44.51
20081118	10450000			44.51
20081118	10460000			44.40
20081118	10470000			45.15
20081118	10480000			44.44
20081118	10490000			44.37
20081118	10500000			45.29
20081118	10510000			44.69
20081118	10520000			44.66
20081118	10530000			44.54
20081118	10540000			44.55
20081118	10550000			44.63
20081118	10560000			43.97
20081118	10570000			44.21
20081118	10580000			44.21
20081118	10590000			44.10
20081118	11000000			44.36
20081118	11010000			44.01
20081118	11020000			46.01
20081118	11030000			46.81
20081118	11040000			47.02
20081118	11050000			46.17
20081118	11060000			44.18
20081118	11070000			44.66
20081118	11080000			44.97
20081118	11090000			44.18
20081118	11100000			44.31
20081118	11110000			43.70
20081118	11120000			43.71
20081118	11130000			43.73
20081118	11140000			42.79
20081118	11150000			43.75
20081118	11160000			43.75
20081118	11170000			43.66
20081118	11180000			43.55
20081118	11190000			43.54
20081118	11200000			43.49
20081118	11210000			43.43
20081118	11220000			43.43
20081118	11230000			43.36
20081118	11240000			43.30
20081118	11250000			43.34
20081118	11260000			43.28
20081118	11270000			43.35
20081118	11280000			43.45
20081118	11290000			43.47
20081118	11300000			43.40
20081118	11310000			43.34
20081118	11320000			43.39
20081118	11330000			43.47
20081118	11340000			43.45
20081118	11350000			43.46
20081118	11360000			43.44
20081118	11370000			43.10
20081118	11380000			43.09
20081118	11390000			43.16
20081118	11400000			43.88
20081118	11410000			42.85
20081118	11420000			43.04
20081118	11430000			43.08
20081118	11440000			43.18
20081118	11450000			43.13
20081118	11460000			42.68
20081118	11470000			42.58
20081118	11480000			43.20
20081118	11490000			43.18
20081118	11500000			43.23
20081118	11510000			43.11
20081118	11520000			42.80
20081118	11530000			42.83
20081118	11540000			43.42
20081118	11550000			43.42
20081118	11560000			43.15
20081118	11570000			43.23
20081118	11580000			43.18
20081118	11590000			43.20
20081118	12000000			43.11
20081118	12010000			42.87
20081118	12020000			42.83
20081118	12030000			43.11
20081118	12040000			43.15
20081118	12050000			43.34
20081118	12060000			43.15
20081118	12070000			43.18
20081118	12080000			42.98
20081118	12090000			42.94
20081118	12100000			43.00
20081118	12110000			43.06
20081118	12120000			43.05
20081118	12130000			43.07
20081118	12140000			43.01
20081118	12150000			42.99
20081118	12160000			43.30
20081118	12170000			43.57
20081118	12180000			43.75
20081118	12190000			43.77
20081118	12200000			43.79
20081118	12210000			43.86
20081118	12220000			43.59
20081118	12230000			43.60
20081118	12240000			43.46
20081118	12250000			43.42
20081118	12260000			43.38
20081118	12270000			43.39
20081118	12280000			43.45
20081118	12290000			43.62
20081118	12300000			43.62
20081118	12310000			43.54
20081118	12320000			43.59
20081118	12330000			43.59
20081118	12340000			43.65
20081118	12350000			43.53
20081118	12360000			43.35
20081118	12370000			43.56
20081118	12380000			43.48
20081118	12390000			43.33
20081118	12400000			42.85
20081118	12410000			43.94
20081118	12420000			43.07
20081118	12430000			43.41
20081118	12440000			43.42
20081118	12450000			43.43
20081118	12460000			43.33
20081118	12470000			43.40
20081118	12480000			43.43
20081118	12490000			43.42
20081118	12500000			43.44
20081118	12510000			43.45
20081118	12520000			43.43
20081118	12530000			43.43
20081118	12540000			43.43
20081118	12550000			43.41
20081118	12560000			43.38
20081118	12570000			43.49
20081118	12580000			43.49
20081118	12590000			43.45
20081118	13000000			43.15
20081118	13010000			43.50
20081118	13020000			43.25
20081118	13030000			43.67
20081118	13040000			43.55
20081118	13050000			43.26
20081118	13060000			44.15
20081118	13070000			43.50
20081118	13080000			44.20
20081118	13090000			43.34
20081118	13100000			43.68
20081118	13110000			43.68
20081118	13120000			43.79
20081118	13130000			43.78
20081118	13140000			43.78
20081118	13150000			43.78
20081118	13160000			43.78
20081118	13170000			43.93
20081118	13180000			43.57
20081118	13190000			43.41
20081118	13200000			43.83
20081118	13210000			43.77
20081118	13220000			43.76
20081118	13230000			43.92
20081118	13240000			43.68
20081118	13250000			43.59
20081118	13260000			43.58
20081118	13270000			43.65
20081118	13280000			43.53
20081118	13290000			43.63
20081118	13300000			43.63
20081118	13310000			43.67
20081118	13320000			45.29
20081118	13330000			43.69
20081118	13340000			43.62
20081118	13350000			43.42
20081118	13360000			44.01
20081118	13370000			43.48
20081118	13380000			43.39
20081118	13390000			43.45
20081118	13400000			43.47
20081118	13410000			43.47
20081118	13420000			43.49
20081118	13430000			43.48
20081118	13440000			43.51
20081118	13450000			43.61
