交易日期	時間(時/分/秒/毫秒)	臺指選擇權波動率指數
--------	-------------------	--------------------
20081103	8460000			58.93
20081103	8470000			58.78
20081103	8480000			58.89
20081103	8490000			58.99
20081103	8500000			59.23
20081103	8510000			59.28
20081103	8520000			58.95
20081103	8530000			58.95
20081103	8540000			58.92
20081103	8550000			58.99
20081103	8560000			59.12
20081103	8570000			59.09
20081103	8580000			60.62
20081103	8590000			59.15
20081103	9000000			59.16
20081103	9010000			59.11
20081103	9020000			60.17
20081103	9030000			59.94
20081103	9040000			59.95
20081103	9050000			59.80
20081103	9060000			59.72
20081103	9070000			59.81
20081103	9080000			59.64
20081103	9090000			59.50
20081103	9100000			59.40
20081103	9110000			59.40
20081103	9120000			59.36
20081103	9130000			59.51
20081103	9140000			59.46
20081103	9150000			59.46
20081103	9160000			59.48
20081103	9170000			59.63
20081103	9180000			59.58
20081103	9190000			59.60
20081103	9200000			59.59
20081103	9210000			59.58
20081103	9220000			60.30
20081103	9230000			59.76
20081103	9240000			59.82
20081103	9250000			59.94
20081103	9260000			59.82
20081103	9270000			59.85
20081103	9280000			59.79
20081103	9290000			59.88
20081103	9300000			59.93
20081103	9310000			60.01
20081103	9320000			59.98
20081103	9330000			60.01
20081103	9340000			60.02
20081103	9350000			60.15
20081103	9360000			60.21
20081103	9370000			60.23
20081103	9380000			60.29
20081103	9390000			60.12
20081103	9400000			59.91
20081103	9410000			59.98
20081103	9420000			60.03
20081103	9430000			59.87
20081103	9440000			59.82
20081103	9450000			59.80
20081103	9460000			59.82
20081103	9470000			59.71
20081103	9480000			59.45
20081103	9490000			59.42
20081103	9500000			59.21
20081103	9510000			59.07
20081103	9520000			59.06
20081103	9530000			59.02
20081103	9540000			59.03
20081103	9550000			59.09
20081103	9560000			59.00
20081103	9570000			59.06
20081103	9580000			59.11
20081103	9590000			59.22
20081103	10000000			59.18
20081103	10010000			59.17
20081103	10020000			59.23
20081103	10030000			59.33
20081103	10040000			59.21
20081103	10050000			59.18
20081103	10060000			59.18
20081103	10070000			59.16
20081103	10080000			59.18
20081103	10090000			59.26
20081103	10100000			59.21
20081103	10110000			59.31
20081103	10120000			59.31
20081103	10130000			59.23
20081103	10140000			59.19
20081103	10150000			59.17
20081103	10160000			59.26
20081103	10170000			59.26
20081103	10180000			59.24
20081103	10190000			59.24
20081103	10200000			59.22
20081103	10210000			59.27
20081103	10220000			59.11
20081103	10230000			59.13
20081103	10240000			59.10
20081103	10250000			59.08
20081103	10260000			58.95
20081103	10270000			58.88
20081103	10280000			58.89
20081103	10290000			58.92
20081103	10300000			58.89
20081103	10310000			58.96
20081103	10320000			59.03
20081103	10330000			58.93
20081103	10340000			58.98
20081103	10350000			58.98
20081103	10360000			58.91
20081103	10370000			58.83
20081103	10380000			58.85
20081103	10390000			58.83
20081103	10400000			58.96
20081103	10410000			58.94
20081103	10420000			58.88
20081103	10430000			58.90
20081103	10440000			58.90
20081103	10450000			58.74
20081103	10460000			58.70
20081103	10470000			58.67
20081103	10480000			58.57
20081103	10490000			58.54
20081103	10500000			58.51
20081103	10510000			58.54
20081103	10520000			58.49
20081103	10530000			58.51
20081103	10540000			58.52
20081103	10550000			58.71
20081103	10560000			58.68
20081103	10570000			58.62
20081103	10580000			58.65
20081103	10590000			58.59
20081103	11000000			58.57
20081103	11010000			58.56
20081103	11020000			58.49
20081103	11030000			58.62
20081103	11040000			58.55
20081103	11050000			58.43
20081103	11060000			58.43
20081103	11070000			58.52
20081103	11080000			58.62
20081103	11090000			58.61
20081103	11100000			58.62
20081103	11110000			58.70
20081103	11120000			58.71
20081103	11130000			58.65
20081103	11140000			58.58
20081103	11150000			58.61
20081103	11160000			58.66
20081103	11170000			58.57
20081103	11180000			58.48
20081103	11190000			58.47
20081103	11200000			58.48
20081103	11210000			58.51
20081103	11220000			58.60
20081103	11230000			58.57
20081103	11240000			58.60
20081103	11250000			58.64
20081103	11260000			58.56
20081103	11270000			58.66
20081103	11280000			58.54
20081103	11290000			58.51
20081103	11300000			58.51
20081103	11310000			58.46
20081103	11320000			58.38
20081103	11330000			58.46
20081103	11340000			58.42
20081103	11350000			58.55
20081103	11360000			58.65
20081103	11370000			58.72
20081103	11380000			58.60
20081103	11390000			58.70
20081103	11400000			58.70
20081103	11410000			58.66
20081103	11420000			58.70
20081103	11430000			58.69
20081103	11440000			58.74
20081103	11450000			58.67
20081103	11460000			58.75
20081103	11470000			58.54
20081103	11480000			58.56
20081103	11490000			58.61
20081103	11500000			58.59
20081103	11510000			58.57
20081103	11520000			58.61
20081103	11530000			58.65
20081103	11540000			58.69
20081103	11550000			58.58
20081103	11560000			58.72
20081103	11570000			58.48
20081103	11580000			58.56
20081103	11590000			58.45
20081103	12000000			58.43
20081103	12010000			58.31
20081103	12020000			58.30
20081103	12030000			58.21
20081103	12040000			58.06
20081103	12050000			58.03
20081103	12060000			57.95
20081103	12070000			57.93
20081103	12080000			57.92
20081103	12090000			57.94
20081103	12100000			57.91
20081103	12110000			57.96
20081103	12120000			57.85
20081103	12130000			57.81
20081103	12140000			57.80
20081103	12150000			57.72
20081103	12160000			57.96
20081103	12170000			57.84
20081103	12180000			57.93
20081103	12190000			57.79
20081103	12200000			57.78
20081103	12210000			57.82
20081103	12220000			57.81
20081103	12230000			57.75
20081103	12240000			58.07
20081103	12250000			58.17
20081103	12260000			58.14
20081103	12270000			58.08
20081103	12280000			58.08
20081103	12290000			58.15
20081103	12300000			58.09
20081103	12310000			57.66
20081103	12320000			57.88
20081103	12330000			57.81
20081103	12340000			57.78
20081103	12350000			58.03
20081103	12360000			58.11
20081103	12370000			57.84
20081103	12380000			57.97
20081103	12390000			57.86
20081103	12400000			57.84
20081103	12410000			57.82
20081103	12420000			57.93
20081103	12430000			57.81
20081103	12440000			57.80
20081103	12450000			57.86
20081103	12460000			57.93
20081103	12470000			57.95
20081103	12480000			57.99
20081103	12490000			57.89
20081103	12500000			58.01
20081103	12510000			58.04
20081103	12520000			58.06
20081103	12530000			58.00
20081103	12540000			58.04
20081103	12550000			58.02
20081103	12560000			57.82
20081103	12570000			57.59
20081103	12580000			57.60
20081103	12590000			57.62
20081103	13000000			57.68
20081103	13010000			57.54
20081103	13020000			57.76
20081103	13030000			57.71
20081103	13040000			57.79
20081103	13050000			57.71
20081103	13060000			57.95
20081103	13070000			57.56
20081103	13080000			57.60
20081103	13090000			57.50
20081103	13100000			57.51
20081103	13110000			57.54
20081103	13120000			57.46
20081103	13130000			57.53
20081103	13140000			57.45
20081103	13150000			57.39
20081103	13160000			57.28
20081103	13170000			57.25
20081103	13180000			57.21
20081103	13190000			57.21
20081103	13200000			57.30
20081103	13210000			57.33
20081103	13220000			57.39
20081103	13230000			57.18
20081103	13240000			57.24
20081103	13250000			57.22
20081103	13260000			57.21
20081103	13270000			57.22
20081103	13280000			57.22
20081103	13290000			57.30
20081103	13300000			57.28
20081103	13310000			57.19
20081103	13320000			57.26
20081103	13330000			57.24
20081103	13340000			57.20
20081103	13350000			57.11
20081103	13360000			57.16
20081103	13370000			57.13
20081103	13380000			57.15
20081103	13390000			57.11
20081103	13400000			57.08
20081103	13410000			57.15
20081103	13420000			57.26
20081103	13430000			57.23
20081103	13440000			57.13
20081103	13450000			57.11
