交易日期	時間(時/分/秒/毫秒)	臺指選擇權波動率指數
--------	-------------------	--------------------
20081120	8460000			52.58
20081120	8470000			52.69
20081120	8480000			52.67
20081120	8490000			52.67
20081120	8500000			53.24
20081120	8510000			53.67
20081120	8520000			53.44
20081120	8530000			53.57
20081120	8540000			53.58
20081120	8550000			53.08
20081120	8560000			53.27
20081120	8570000			53.15
20081120	8580000			53.62
20081120	8590000			53.57
20081120	9000000			53.57
20081120	9010000			53.46
20081120	9020000			53.46
20081120	9030000			53.49
20081120	9040000			53.70
20081120	9050000			53.64
20081120	9060000			53.64
20081120	9070000			53.90
20081120	9080000			53.71
20081120	9090000			53.55
20081120	9100000			53.55
20081120	9110000			53.57
20081120	9120000			53.55
20081120	9130000			53.49
20081120	9140000			53.73
20081120	9150000			53.62
20081120	9160000			53.53
20081120	9170000			53.57
20081120	9180000			53.73
20081120	9190000			53.89
20081120	9200000			53.80
20081120	9210000			53.74
20081120	9220000			53.63
20081120	9230000			53.57
20081120	9240000			53.53
20081120	9250000			53.49
20081120	9260000			53.57
20081120	9270000			53.47
20081120	9280000			53.25
20081120	9290000			53.23
20081120	9300000			53.31
20081120	9310000			53.23
20081120	9320000			53.10
20081120	9330000			53.27
20081120	9340000			53.33
20081120	9350000			53.20
20081120	9360000			53.13
20081120	9370000			53.23
20081120	9380000			53.19
20081120	9390000			53.20
20081120	9400000			53.25
20081120	9410000			53.11
20081120	9420000			53.08
20081120	9430000			53.25
20081120	9440000			53.16
20081120	9450000			53.20
20081120	9460000			53.16
20081120	9470000			53.39
20081120	9480000			53.30
20081120	9490000			53.20
20081120	9500000			53.24
20081120	9510000			53.26
20081120	9520000			53.21
20081120	9530000			53.25
20081120	9540000			53.08
20081120	9550000			53.09
20081120	9560000			53.01
20081120	9570000			52.98
20081120	9580000			53.01
20081120	9590000			52.91
20081120	10000000			52.93
20081120	10010000			53.01
20081120	10020000			52.98
20081120	10030000			52.99
20081120	10040000			52.96
20081120	10050000			52.90
20081120	10060000			52.90
20081120	10070000			52.93
20081120	10080000			52.93
20081120	10090000			53.00
20081120	10100000			53.01
20081120	10110000			52.98
20081120	10120000			52.81
20081120	10130000			52.87
20081120	10140000			52.94
20081120	10150000			52.89
20081120	10160000			52.84
20081120	10170000			52.89
20081120	10180000			52.92
20081120	10190000			52.87
20081120	10200000			53.04
20081120	10210000			53.13
20081120	10220000			53.14
20081120	10230000			53.11
20081120	10240000			53.14
20081120	10250000			53.05
20081120	10260000			53.02
20081120	10270000			53.02
20081120	10280000			53.09
20081120	10290000			53.09
20081120	10300000			53.08
20081120	10310000			53.03
20081120	10320000			52.94
20081120	10330000			52.89
20081120	10340000			52.80
20081120	10350000			52.72
20081120	10360000			52.80
20081120	10370000			52.73
20081120	10380000			52.72
20081120	10390000			52.73
20081120	10400000			52.74
20081120	10410000			52.76
20081120	10420000			52.73
20081120	10430000			52.71
20081120	10440000			52.78
20081120	10450000			52.78
20081120	10460000			52.88
20081120	10470000			52.84
20081120	10480000			52.90
20081120	10490000			52.89
20081120	10500000			52.95
20081120	10510000			52.97
20081120	10520000			52.98
20081120	10530000			52.95
20081120	10540000			53.02
20081120	10550000			52.98
20081120	10560000			52.95
20081120	10570000			53.02
20081120	10580000			52.96
20081120	10590000			53.27
20081120	11000000			53.28
20081120	11010000			53.44
20081120	11020000			53.43
20081120	11030000			53.41
20081120	11040000			53.39
20081120	11050000			53.47
20081120	11060000			53.38
20081120	11070000			53.29
20081120	11080000			53.29
20081120	11090000			53.35
20081120	11100000			53.39
20081120	11110000			53.29
20081120	11120000			53.36
20081120	11130000			53.46
20081120	11140000			53.49
20081120	11150000			53.49
20081120	11160000			53.59
20081120	11170000			53.66
20081120	11180000			53.65
20081120	11190000			53.65
20081120	11200000			53.55
20081120	11210000			53.57
20081120	11220000			53.64
20081120	11230000			53.65
20081120	11240000			53.57
20081120	11250000			53.55
20081120	11260000			53.62
20081120	11270000			53.55
20081120	11280000			53.51
20081120	11290000			53.56
20081120	11300000			53.48
20081120	11310000			53.44
20081120	11320000			53.33
20081120	11330000			53.32
20081120	11340000			53.31
20081120	11350000			53.40
20081120	11360000			53.44
20081120	11370000			53.45
20081120	11380000			53.38
20081120	11390000			53.45
20081120	11400000			53.44
20081120	11410000			53.44
20081120	11420000			53.42
20081120	11430000			53.37
20081120	11440000			53.36
20081120	11450000			53.26
20081120	11460000			53.09
20081120	11470000			53.11
20081120	11480000			53.23
20081120	11490000			53.29
20081120	11500000			53.24
20081120	11510000			53.29
20081120	11520000			53.27
20081120	11530000			53.26
20081120	11540000			53.25
20081120	11550000			53.07
20081120	11560000			53.07
20081120	11570000			53.07
20081120	11580000			53.07
20081120	11590000			53.07
20081120	12000000			53.07
20081120	12010000			53.07
20081120	12020000			53.07
20081120	12030000			53.07
20081120	12040000			53.07
20081120	12050000			53.07
20081120	12060000			53.07
20081120	12070000			53.07
20081120	12080000			53.07
20081120	12090000			53.07
20081120	12100000			53.07
20081120	12110000			53.07
20081120	12120000			53.07
20081120	12130000			53.07
20081120	12140000			53.07
20081120	12150000			53.07
20081120	12160000			53.07
20081120	12170000			53.07
20081120	12180000			53.07
20081120	12190000			53.07
20081120	12200000			53.07
20081120	12210000			53.07
20081120	12220000			53.07
20081120	12230000			53.07
20081120	12240000			53.07
20081120	12250000			53.07
20081120	12260000			53.07
20081120	12270000			53.07
20081120	12280000			53.07
20081120	12290000			53.07
20081120	12300000			53.07
20081120	12310000			53.07
20081120	12320000			53.07
20081120	12330000			53.07
20081120	12340000			53.07
20081120	12350000			53.07
20081120	12360000			53.07
20081120	12370000			53.07
20081120	12380000			53.07
20081120	12390000			53.07
20081120	12400000			53.07
20081120	12410000			53.07
20081120	12420000			53.07
20081120	12430000			53.07
20081120	12440000			53.07
20081120	12450000			53.07
20081120	12460000			53.07
20081120	12470000			53.07
20081120	12480000			53.07
20081120	12490000			53.07
20081120	12500000			53.07
20081120	12510000			53.07
20081120	12520000			53.07
20081120	12530000			53.07
20081120	12540000			53.07
20081120	12550000			53.07
20081120	12560000			53.07
20081120	12570000			53.07
20081120	12580000			53.07
20081120	12590000			53.07
20081120	13000000			53.07
20081120	13010000			53.07
20081120	13020000			53.07
20081120	13030000			53.07
20081120	13040000			53.07
20081120	13050000			53.07
20081120	13060000			53.07
20081120	13070000			53.07
20081120	13080000			53.07
20081120	13090000			53.07
20081120	13100000			53.07
20081120	13110000			53.07
20081120	13120000			53.07
20081120	13130000			53.07
20081120	13140000			53.07
20081120	13150000			53.07
20081120	13160000			53.07
20081120	13170000			53.07
20081120	13180000			53.07
20081120	13190000			53.07
20081120	13200000			53.07
20081120	13210000			53.07
20081120	13220000			53.07
20081120	13230000			53.07
20081120	13240000			53.07
20081120	13250000			53.07
20081120	13260000			53.07
20081120	13270000			53.07
20081120	13280000			53.07
20081120	13290000			53.07
20081120	13300000			53.07
20081120	13310000			53.07
20081120	13320000			53.07
20081120	13330000			53.07
20081120	13340000			53.07
20081120	13350000			53.07
20081120	13360000			53.07
20081120	13370000			53.07
20081120	13380000			53.07
20081120	13390000			53.07
20081120	13400000			53.07
20081120	13410000			53.07
20081120	13420000			53.07
20081120	13430000			53.07
20081120	13440000			53.07
20081120	13450000			53.07
