交易日期	時間(時/分/秒/毫秒)	臺指選擇權波動率指數
--------	-------------------	--------------------
20081106	8460000			53.29
20081106	8470000			52.87
20081106	8480000			53.26
20081106	8490000			53.15
20081106	8500000			52.83
20081106	8510000			52.86
20081106	8520000			53.12
20081106	8530000			53.12
20081106	8540000			52.82
20081106	8550000			52.67
20081106	8560000			52.68
20081106	8570000			53.04
20081106	8580000			53.06
20081106	8590000			53.42
20081106	9000000			53.66
20081106	9010000			53.72
20081106	9020000			53.77
20081106	9030000			53.82
20081106	9040000			53.66
20081106	9050000			53.87
20081106	9060000			53.90
20081106	9070000			54.02
20081106	9080000			54.22
20081106	9090000			53.98
20081106	9100000			54.03
20081106	9110000			53.72
20081106	9120000			54.19
20081106	9130000			54.22
20081106	9140000			54.30
20081106	9150000			54.51
20081106	9160000			54.23
20081106	9170000			54.26
20081106	9180000			54.30
20081106	9190000			54.48
20081106	9200000			54.53
20081106	9210000			54.63
20081106	9220000			54.72
20081106	9230000			55.00
20081106	9240000			54.86
20081106	9250000			54.87
20081106	9260000			54.92
20081106	9270000			54.85
20081106	9280000			54.81
20081106	9290000			54.71
20081106	9300000			54.82
20081106	9310000			54.75
20081106	9320000			55.20
20081106	9330000			55.04
20081106	9340000			54.99
20081106	9350000			54.70
20081106	9360000			54.81
20081106	9370000			54.74
20081106	9380000			54.78
20081106	9390000			54.76
20081106	9400000			54.67
20081106	9410000			54.63
20081106	9420000			54.64
20081106	9430000			54.68
20081106	9440000			54.63
20081106	9450000			54.74
20081106	9460000			54.94
20081106	9470000			55.04
20081106	9480000			55.01
20081106	9490000			55.18
20081106	9500000			54.92
20081106	9510000			55.03
20081106	9520000			55.07
20081106	9530000			55.04
20081106	9540000			54.92
20081106	9550000			55.06
20081106	9560000			54.96
20081106	9570000			55.06
20081106	9580000			55.08
20081106	9590000			55.02
20081106	10000000			54.80
20081106	10010000			54.86
20081106	10020000			54.85
20081106	10030000			54.75
20081106	10040000			54.93
20081106	10050000			54.76
20081106	10060000			54.67
20081106	10070000			54.75
20081106	10080000			54.69
20081106	10090000			54.80
20081106	10100000			54.89
20081106	10110000			54.87
20081106	10120000			55.06
20081106	10130000			54.85
20081106	10140000			54.87
20081106	10150000			54.72
20081106	10160000			54.91
20081106	10170000			54.89
20081106	10180000			55.00
20081106	10190000			54.95
20081106	10200000			55.09
20081106	10210000			55.08
20081106	10220000			55.08
20081106	10230000			55.07
20081106	10240000			55.15
20081106	10250000			55.18
20081106	10260000			55.18
20081106	10270000			55.12
20081106	10280000			55.03
20081106	10290000			55.03
20081106	10300000			55.04
20081106	10310000			55.02
20081106	10320000			55.16
20081106	10330000			55.08
20081106	10340000			55.06
20081106	10350000			55.09
20081106	10360000			55.06
20081106	10370000			55.14
20081106	10380000			55.12
20081106	10390000			54.93
20081106	10400000			55.07
20081106	10410000			55.05
20081106	10420000			55.19
20081106	10430000			55.18
20081106	10440000			55.15
20081106	10450000			55.10
20081106	10460000			55.11
20081106	10470000			55.07
20081106	10480000			55.02
20081106	10490000			55.07
20081106	10500000			55.11
20081106	10510000			55.02
20081106	10520000			55.07
20081106	10530000			55.19
20081106	10540000			55.22
20081106	10550000			55.23
20081106	10560000			55.21
20081106	10570000			55.16
20081106	10580000			55.21
20081106	10590000			55.17
20081106	11000000			55.16
20081106	11010000			55.08
20081106	11020000			55.54
20081106	11030000			55.15
20081106	11040000			55.30
20081106	11050000			55.49
20081106	11060000			55.31
20081106	11070000			55.26
20081106	11080000			55.37
20081106	11090000			55.58
20081106	11100000			55.50
20081106	11110000			55.42
20081106	11120000			55.60
20081106	11130000			55.62
20081106	11140000			55.72
20081106	11150000			55.56
20081106	11160000			56.27
20081106	11170000			55.96
20081106	11180000			56.49
20081106	11190000			56.15
20081106	11200000			56.71
20081106	11210000			56.67
20081106	11220000			57.42
20081106	11230000			56.79
20081106	11240000			56.93
20081106	11250000			56.70
20081106	11260000			56.64
20081106	11270000			56.50
20081106	11280000			56.40
20081106	11290000			56.19
20081106	11300000			56.79
20081106	11310000			56.32
20081106	11320000			56.63
20081106	11330000			56.39
20081106	11340000			56.43
20081106	11350000			56.32
20081106	11360000			56.45
20081106	11370000			56.64
20081106	11380000			57.25
20081106	11390000			57.49
20081106	11400000			56.69
20081106	11410000			56.57
20081106	11420000			56.67
20081106	11430000			56.41
20081106	11440000			56.44
20081106	11450000			56.80
20081106	11460000			56.55
20081106	11470000			56.59
20081106	11480000			57.06
20081106	11490000			57.99
20081106	11500000			56.89
20081106	11510000			56.67
20081106	11520000			56.81
20081106	11530000			56.81
20081106	11540000			56.73
20081106	11550000			56.70
20081106	11560000			56.56
20081106	11570000			56.67
20081106	11580000			56.70
20081106	11590000			56.66
20081106	12000000			56.67
20081106	12010000			56.67
20081106	12020000			56.65
20081106	12030000			56.67
20081106	12040000			56.66
20081106	12050000			56.67
20081106	12060000			56.61
20081106	12070000			56.64
20081106	12080000			56.67
20081106	12090000			56.75
20081106	12100000			56.85
20081106	12110000			56.34
20081106	12120000			56.62
20081106	12130000			56.53
20081106	12140000			56.77
20081106	12150000			56.67
20081106	12160000			56.66
20081106	12170000			56.69
20081106	12180000			56.68
20081106	12190000			56.72
20081106	12200000			56.83
20081106	12210000			56.80
20081106	12220000			56.76
20081106	12230000			56.67
20081106	12240000			56.67
20081106	12250000			56.62
20081106	12260000			56.60
20081106	12270000			56.60
20081106	12280000			56.50
20081106	12290000			56.58
20081106	12300000			56.55
20081106	12310000			56.50
20081106	12320000			56.54
20081106	12330000			56.57
20081106	12340000			56.55
20081106	12350000			56.59
20081106	12360000			56.54
20081106	12370000			56.56
20081106	12380000			56.66
20081106	12390000			56.78
20081106	12400000			57.00
20081106	12410000			57.00
20081106	12420000			56.97
20081106	12430000			56.88
20081106	12440000			56.71
20081106	12450000			56.67
20081106	12460000			56.63
20081106	12470000			56.73
20081106	12480000			56.80
20081106	12490000			56.59
20081106	12500000			56.75
20081106	12510000			56.77
20081106	12520000			56.72
20081106	12530000			56.72
20081106	12540000			56.66
20081106	12550000			56.60
20081106	12560000			56.57
20081106	12570000			56.61
20081106	12580000			56.61
20081106	12590000			56.54
20081106	13000000			56.52
20081106	13010000			56.51
20081106	13020000			56.59
20081106	13030000			56.56
20081106	13040000			56.80
20081106	13050000			56.63
20081106	13060000			56.63
20081106	13070000			56.62
20081106	13080000			56.55
20081106	13090000			56.56
20081106	13100000			56.52
20081106	13110000			56.64
20081106	13120000			56.53
20081106	13130000			56.59
20081106	13140000			56.62
20081106	13150000			56.83
20081106	13160000			56.76
20081106	13170000			57.10
20081106	13180000			56.80
20081106	13190000			56.93
20081106	13200000			57.00
20081106	13210000			56.76
20081106	13220000			56.62
20081106	13230000			56.59
20081106	13240000			56.51
20081106	13250000			56.48
20081106	13260000			56.45
20081106	13270000			56.71
20081106	13280000			56.45
20081106	13290000			56.47
20081106	13300000			57.12
20081106	13310000			56.74
20081106	13320000			56.60
20081106	13330000			56.67
20081106	13340000			56.54
20081106	13350000			56.52
20081106	13360000			56.49
20081106	13370000			56.52
20081106	13380000			56.53
20081106	13390000			56.43
20081106	13400000			56.48
20081106	13410000			56.52
20081106	13420000			56.32
20081106	13430000			56.82
20081106	13440000			56.41
20081106	13450000			56.76
