交易日期	時間(時/分/秒/毫秒)	臺指選擇權波動率指數
--------	-------------------	--------------------
20081112	8460000			54.56
20081112	8470000			54.74
20081112	8480000			54.52
20081112	8490000			54.55
20081112	8500000			54.32
20081112	8510000			54.70
20081112	8520000			54.43
20081112	8530000			53.98
20081112	8540000			54.20
20081112	8550000			54.18
20081112	8560000			54.18
20081112	8570000			54.30
20081112	8580000			54.40
20081112	8590000			54.51
20081112	9000000			54.42
20081112	9010000			55.22
20081112	9020000			55.37
20081112	9030000			54.82
20081112	9040000			54.79
20081112	9050000			54.60
20081112	9060000			54.51
20081112	9070000			54.52
20081112	9080000			54.41
20081112	9090000			54.35
20081112	9100000			54.39
20081112	9110000			54.29
20081112	9120000			54.32
20081112	9130000			54.35
20081112	9140000			54.51
20081112	9150000			54.56
20081112	9160000			54.53
20081112	9170000			54.62
20081112	9180000			54.61
20081112	9190000			54.65
20081112	9200000			54.67
20081112	9210000			54.69
20081112	9220000			54.69
20081112	9230000			54.71
20081112	9240000			54.83
20081112	9250000			54.89
20081112	9260000			54.85
20081112	9270000			54.88
20081112	9280000			54.90
20081112	9290000			54.98
20081112	9300000			55.05
20081112	9310000			54.98
20081112	9320000			55.00
20081112	9330000			54.97
20081112	9340000			54.99
20081112	9350000			54.96
20081112	9360000			54.93
20081112	9370000			55.01
20081112	9380000			54.92
20081112	9390000			54.94
20081112	9400000			54.88
20081112	9410000			54.90
20081112	9420000			54.98
20081112	9430000			54.97
20081112	9440000			55.03
20081112	9450000			54.99
20081112	9460000			55.10
20081112	9470000			55.09
20081112	9480000			55.37
20081112	9490000			55.43
20081112	9500000			55.55
20081112	9510000			55.53
20081112	9520000			55.51
20081112	9530000			55.52
20081112	9540000			55.47
20081112	9550000			55.42
20081112	9560000			55.45
20081112	9570000			55.33
20081112	9580000			55.30
20081112	9590000			55.30
20081112	10000000			55.32
20081112	10010000			55.33
20081112	10020000			55.29
20081112	10030000			55.34
20081112	10040000			55.36
20081112	10050000			55.45
20081112	10060000			55.37
20081112	10070000			55.44
20081112	10080000			55.44
20081112	10090000			55.41
20081112	10100000			55.37
20081112	10110000			55.24
20081112	10120000			55.33
20081112	10130000			55.48
20081112	10140000			55.32
20081112	10150000			55.30
20081112	10160000			55.42
20081112	10170000			55.68
20081112	10180000			55.60
20081112	10190000			55.42
20081112	10200000			55.43
20081112	10210000			55.44
20081112	10220000			55.43
20081112	10230000			55.40
20081112	10240000			55.46
20081112	10250000			55.37
20081112	10260000			55.31
20081112	10270000			55.29
20081112	10280000			55.31
20081112	10290000			55.41
20081112	10300000			55.31
20081112	10310000			55.32
20081112	10320000			55.36
20081112	10330000			55.37
20081112	10340000			55.35
20081112	10350000			55.33
20081112	10360000			55.35
20081112	10370000			55.36
20081112	10380000			55.38
20081112	10390000			55.40
20081112	10400000			55.28
20081112	10410000			55.31
20081112	10420000			55.31
20081112	10430000			55.31
20081112	10440000			55.30
20081112	10450000			55.24
20081112	10460000			55.43
20081112	10470000			55.33
20081112	10480000			55.39
20081112	10490000			55.43
20081112	10500000			55.40
20081112	10510000			55.33
20081112	10520000			55.34
20081112	10530000			55.32
20081112	10540000			55.28
20081112	10550000			55.30
20081112	10560000			55.24
20081112	10570000			55.20
20081112	10580000			55.18
20081112	10590000			55.20
20081112	11000000			55.21
20081112	11010000			55.16
20081112	11020000			55.13
20081112	11030000			55.16
20081112	11040000			54.98
20081112	11050000			55.04
20081112	11060000			55.02
20081112	11070000			55.07
20081112	11080000			55.20
20081112	11090000			55.21
20081112	11100000			55.21
20081112	11110000			55.37
20081112	11120000			55.41
20081112	11130000			55.29
20081112	11140000			55.29
20081112	11150000			55.26
20081112	11160000			55.29
20081112	11170000			55.31
20081112	11180000			55.24
20081112	11190000			55.31
20081112	11200000			55.32
20081112	11210000			55.30
20081112	11220000			55.33
20081112	11230000			55.26
20081112	11240000			55.33
20081112	11250000			55.24
20081112	11260000			55.13
20081112	11270000			55.11
20081112	11280000			55.14
20081112	11290000			55.21
20081112	11300000			55.20
20081112	11310000			55.18
20081112	11320000			55.17
20081112	11330000			55.19
20081112	11340000			55.19
20081112	11350000			55.13
20081112	11360000			55.13
20081112	11370000			55.13
20081112	11380000			55.17
20081112	11390000			55.18
20081112	11400000			55.38
20081112	11410000			55.22
20081112	11420000			55.20
20081112	11430000			55.24
20081112	11440000			55.22
20081112	11450000			55.19
20081112	11460000			55.12
20081112	11470000			55.19
20081112	11480000			55.16
20081112	11490000			55.15
20081112	11500000			55.15
20081112	11510000			55.04
20081112	11520000			55.20
20081112	11530000			55.15
20081112	11540000			55.15
20081112	11550000			55.04
20081112	11560000			54.54
20081112	11570000			55.12
20081112	11580000			54.96
20081112	11590000			54.91
20081112	12000000			55.07
20081112	12010000			54.91
20081112	12020000			55.15
20081112	12030000			55.04
20081112	12040000			55.01
20081112	12050000			54.77
20081112	12060000			54.79
20081112	12070000			54.69
20081112	12080000			54.79
20081112	12090000			54.79
20081112	12100000			54.71
20081112	12110000			54.50
20081112	12120000			54.50
20081112	12130000			54.47
20081112	12140000			54.47
20081112	12150000			54.41
20081112	12160000			54.44
20081112	12170000			54.39
20081112	12180000			54.44
20081112	12190000			54.36
20081112	12200000			54.30
20081112	12210000			54.35
20081112	12220000			54.15
20081112	12230000			54.23
20081112	12240000			54.25
20081112	12250000			54.13
20081112	12260000			54.16
20081112	12270000			54.15
20081112	12280000			54.07
20081112	12290000			54.04
20081112	12300000			54.13
20081112	12310000			54.11
20081112	12320000			54.87
20081112	12330000			54.93
20081112	12340000			55.00
20081112	12350000			54.90
20081112	12360000			54.73
20081112	12370000			54.60
20081112	12380000			54.67
20081112	12390000			54.62
20081112	12400000			54.45
20081112	12410000			54.63
20081112	12420000			54.57
20081112	12430000			54.63
20081112	12440000			54.72
20081112	12450000			54.73
20081112	12460000			54.73
20081112	12470000			54.74
20081112	12480000			54.74
20081112	12490000			54.79
20081112	12500000			54.83
20081112	12510000			54.84
20081112	12520000			54.77
20081112	12530000			54.81
20081112	12540000			54.81
20081112	12550000			54.79
20081112	12560000			54.84
20081112	12570000			54.80
20081112	12580000			54.77
20081112	12590000			54.71
20081112	13000000			54.73
20081112	13010000			54.78
20081112	13020000			54.75
20081112	13030000			54.78
20081112	13040000			54.84
20081112	13050000			54.85
20081112	13060000			54.82
20081112	13070000			54.82
20081112	13080000			54.87
20081112	13090000			54.93
20081112	13100000			54.79
20081112	13110000			54.87
20081112	13120000			55.00
20081112	13130000			54.95
20081112	13140000			55.05
20081112	13150000			54.99
20081112	13160000			55.04
20081112	13170000			55.30
20081112	13180000			55.19
20081112	13190000			55.11
20081112	13200000			54.98
20081112	13210000			54.97
20081112	13220000			55.08
20081112	13230000			55.11
20081112	13240000			54.99
20081112	13250000			54.85
20081112	13260000			55.04
20081112	13270000			54.90
20081112	13280000			54.85
20081112	13290000			54.93
20081112	13300000			55.06
20081112	13310000			54.99
20081112	13320000			54.94
20081112	13330000			55.02
20081112	13340000			54.99
20081112	13350000			55.02
20081112	13360000			55.11
20081112	13370000			54.92
20081112	13380000			54.89
20081112	13390000			54.98
20081112	13400000			54.88
20081112	13410000			54.99
20081112	13420000			55.04
20081112	13430000			54.92
20081112	13440000			54.95
20081112	13450000			54.94
