交易日期	時間(時/分/秒/毫秒)	臺指選擇權波動率指數
--------	-------------------	--------------------
20081126	8460000			49.58
20081126	8470000			50.20
20081126	8480000			50.37
20081126	8490000			50.30
20081126	8500000			50.35
20081126	8510000			50.35
20081126	8520000			50.33
20081126	8530000			50.33
20081126	8540000			50.32
20081126	8550000			50.35
20081126	8560000			50.31
20081126	8570000			50.33
20081126	8580000			50.34
20081126	8590000			50.35
20081126	9000000			50.39
20081126	9010000			50.43
20081126	9020000			50.65
20081126	9030000			50.61
20081126	9040000			50.59
20081126	9050000			50.61
20081126	9060000			50.63
20081126	9070000			50.66
20081126	9080000			50.67
20081126	9090000			50.79
20081126	9100000			50.86
20081126	9110000			50.82
20081126	9120000			50.87
20081126	9130000			50.87
20081126	9140000			50.91
20081126	9150000			50.90
20081126	9160000			50.88
20081126	9170000			50.87
20081126	9180000			50.81
20081126	9190000			50.75
20081126	9200000			50.67
20081126	9210000			50.66
20081126	9220000			50.70
20081126	9230000			50.70
20081126	9240000			50.74
20081126	9250000			50.75
20081126	9260000			50.76
20081126	9270000			50.73
20081126	9280000			50.76
20081126	9290000			50.75
20081126	9300000			50.73
20081126	9310000			50.70
20081126	9320000			50.73
20081126	9330000			50.76
20081126	9340000			50.68
20081126	9350000			50.64
20081126	9360000			50.58
20081126	9370000			50.55
20081126	9380000			50.42
20081126	9390000			50.45
20081126	9400000			50.52
20081126	9410000			50.56
20081126	9420000			50.57
20081126	9430000			50.53
20081126	9440000			50.54
20081126	9450000			50.46
20081126	9460000			50.45
20081126	9470000			50.49
20081126	9480000			50.48
20081126	9490000			50.40
20081126	9500000			50.38
20081126	9510000			50.27
20081126	9520000			50.32
20081126	9530000			50.27
20081126	9540000			50.28
20081126	9550000			50.27
20081126	9560000			50.28
20081126	9570000			50.18
20081126	9580000			50.16
20081126	9590000			50.16
20081126	10000000			50.18
20081126	10010000			50.11
20081126	10020000			50.04
20081126	10030000			50.00
20081126	10040000			49.96
20081126	10050000			49.99
20081126	10060000			49.96
20081126	10070000			49.95
20081126	10080000			49.93
20081126	10090000			49.92
20081126	10100000			49.97
20081126	10110000			49.93
20081126	10120000			49.89
20081126	10130000			49.89
20081126	10140000			49.92
20081126	10150000			49.90
20081126	10160000			49.82
20081126	10170000			49.85
20081126	10180000			49.73
20081126	10190000			49.79
20081126	10200000			49.78
20081126	10210000			49.71
20081126	10220000			49.75
20081126	10230000			49.74
20081126	10240000			49.66
20081126	10250000			49.68
20081126	10260000			49.72
20081126	10270000			49.67
20081126	10280000			49.60
20081126	10290000			49.55
20081126	10300000			49.58
20081126	10310000			49.54
20081126	10320000			49.56
20081126	10330000			49.54
20081126	10340000			49.37
20081126	10350000			49.39
20081126	10360000			49.31
20081126	10370000			49.34
20081126	10380000			49.31
20081126	10390000			49.31
20081126	10400000			49.28
20081126	10410000			49.35
20081126	10420000			49.34
20081126	10430000			49.36
20081126	10440000			49.32
20081126	10450000			49.30
20081126	10460000			49.24
20081126	10470000			49.18
20081126	10480000			49.19
20081126	10490000			49.17
20081126	10500000			49.14
20081126	10510000			49.15
20081126	10520000			49.20
20081126	10530000			49.23
20081126	10540000			49.20
20081126	10550000			49.15
20081126	10560000			49.16
20081126	10570000			49.15
20081126	10580000			49.16
20081126	10590000			49.16
20081126	11000000			49.13
20081126	11010000			49.17
20081126	11020000			49.16
20081126	11030000			49.10
20081126	11040000			49.09
20081126	11050000			49.11
20081126	11060000			49.13
20081126	11070000			49.11
20081126	11080000			49.13
20081126	11090000			49.05
20081126	11100000			49.05
20081126	11110000			49.06
20081126	11120000			49.00
20081126	11130000			49.01
20081126	11140000			49.00
20081126	11150000			49.03
20081126	11160000			48.99
20081126	11170000			49.03
20081126	11180000			49.04
20081126	11190000			49.02
20081126	11200000			48.98
20081126	11210000			49.00
20081126	11220000			48.99
20081126	11230000			49.00
20081126	11240000			48.97
20081126	11250000			48.95
20081126	11260000			48.97
20081126	11270000			48.98
20081126	11280000			49.00
20081126	11290000			49.06
20081126	11300000			49.02
20081126	11310000			48.97
20081126	11320000			48.94
20081126	11330000			48.99
20081126	11340000			48.97
20081126	11350000			48.96
20081126	11360000			49.05
20081126	11370000			49.01
20081126	11380000			48.99
20081126	11390000			48.97
20081126	11400000			48.98
20081126	11410000			49.01
20081126	11420000			48.96
20081126	11430000			49.02
20081126	11440000			48.99
20081126	11450000			48.93
20081126	11460000			48.92
20081126	11470000			48.91
20081126	11480000			48.92
20081126	11490000			48.83
20081126	11500000			48.82
20081126	11510000			48.79
20081126	11520000			48.81
20081126	11530000			48.76
20081126	11540000			48.77
20081126	11550000			48.78
20081126	11560000			48.68
20081126	11570000			48.68
20081126	11580000			48.67
20081126	11590000			48.58
20081126	12000000			48.76
20081126	12010000			48.80
20081126	12020000			48.77
20081126	12030000			48.76
20081126	12040000			48.77
20081126	12050000			48.81
20081126	12060000			48.79
20081126	12070000			48.78
20081126	12080000			48.82
20081126	12090000			48.80
20081126	12100000			48.84
20081126	12110000			48.84
20081126	12120000			48.84
20081126	12130000			48.86
20081126	12140000			48.86
20081126	12150000			48.85
20081126	12160000			48.86
20081126	12170000			48.79
20081126	12180000			48.90
20081126	12190000			48.90
20081126	12200000			48.84
20081126	12210000			48.81
20081126	12220000			48.78
20081126	12230000			48.68
20081126	12240000			48.66
20081126	12250000			48.83
20081126	12260000			48.83
20081126	12270000			48.78
20081126	12280000			48.77
20081126	12290000			48.77
20081126	12300000			48.75
20081126	12310000			48.82
20081126	12320000			48.80
20081126	12330000			48.83
20081126	12340000			48.84
20081126	12350000			48.80
20081126	12360000			48.75
20081126	12370000			48.75
20081126	12380000			48.77
20081126	12390000			48.77
20081126	12400000			48.71
20081126	12410000			48.70
20081126	12420000			48.79
20081126	12430000			48.81
20081126	12440000			48.83
20081126	12450000			48.80
20081126	12460000			48.81
20081126	12470000			48.81
20081126	12480000			48.80
20081126	12490000			48.76
20081126	12500000			48.75
20081126	12510000			48.87
20081126	12520000			48.78
20081126	12530000			48.80
20081126	12540000			48.79
20081126	12550000			48.79
20081126	12560000			48.84
20081126	12570000			48.82
20081126	12580000			48.80
20081126	12590000			48.79
20081126	13000000			48.80
20081126	13010000			48.82
20081126	13020000			48.83
20081126	13030000			48.81
20081126	13040000			48.87
20081126	13050000			48.90
20081126	13060000			48.90
20081126	13070000			48.88
20081126	13080000			48.89
20081126	13090000			48.86
20081126	13100000			48.88
20081126	13110000			48.96
20081126	13120000			48.90
20081126	13130000			48.90
20081126	13140000			48.91
20081126	13150000			48.89
20081126	13160000			48.84
20081126	13170000			48.87
20081126	13180000			48.91
20081126	13190000			48.91
20081126	13200000			49.01
20081126	13210000			49.00
20081126	13220000			49.05
20081126	13230000			49.03
20081126	13240000			49.08
20081126	13250000			49.05
20081126	13260000			49.06
20081126	13270000			49.08
20081126	13280000			49.08
20081126	13290000			49.06
20081126	13300000			49.04
20081126	13310000			49.01
20081126	13320000			49.01
20081126	13330000			49.08
20081126	13340000			49.09
20081126	13350000			49.11
20081126	13360000			49.08
20081126	13370000			49.07
20081126	13380000			49.11
20081126	13390000			49.14
20081126	13400000			49.17
20081126	13410000			49.23
20081126	13420000			49.23
20081126	13430000			49.23
20081126	13440000			49.48
20081126	13450000			49.38
