交易日期	時間(時/分/秒/毫秒)	臺指選擇權波動率指數
--------	-------------------	--------------------
20081117	8460000			47.88
20081117	8470000			47.89
20081117	8480000			49.18
20081117	8490000			49.25
20081117	8500000			48.83
20081117	8510000			48.70
20081117	8520000			48.66
20081117	8530000			48.65
20081117	8540000			48.65
20081117	8550000			46.27
20081117	8560000			46.31
20081117	8570000			46.28
20081117	8580000			46.27
20081117	8590000			46.26
20081117	9000000			48.06
20081117	9010000			48.04
20081117	9020000			48.04
20081117	9030000			46.26
20081117	9040000			46.26
20081117	9050000			46.54
20081117	9060000			46.40
20081117	9070000			46.44
20081117	9080000			48.06
20081117	9090000			47.59
20081117	9100000			47.60
20081117	9110000			46.51
20081117	9120000			46.51
20081117	9130000			46.64
20081117	9140000			47.34
20081117	9150000			47.32
20081117	9160000			47.32
20081117	9170000			47.06
20081117	9180000			46.99
20081117	9190000			47.02
20081117	9200000			47.11
20081117	9210000			46.30
20081117	9220000			46.71
20081117	9230000			47.30
20081117	9240000			47.18
20081117	9250000			47.09
20081117	9260000			47.13
20081117	9270000			47.08
20081117	9280000			47.01
20081117	9290000			47.09
20081117	9300000			47.07
20081117	9310000			47.43
20081117	9320000			47.00
20081117	9330000			47.14
20081117	9340000			47.18
20081117	9350000			47.63
20081117	9360000			47.27
20081117	9370000			47.48
20081117	9380000			47.43
20081117	9390000			47.62
20081117	9400000			47.60
20081117	9410000			47.60
20081117	9420000			47.60
20081117	9430000			47.56
20081117	9440000			47.52
20081117	9450000			47.59
20081117	9460000			47.59
20081117	9470000			47.65
20081117	9480000			47.74
20081117	9490000			47.74
20081117	9500000			47.65
20081117	9510000			47.65
20081117	9520000			47.62
20081117	9530000			47.70
20081117	9540000			47.65
20081117	9550000			47.58
20081117	9560000			47.57
20081117	9570000			47.35
20081117	9580000			47.05
20081117	9590000			47.62
20081117	10000000			47.40
20081117	10010000			47.24
20081117	10020000			46.81
20081117	10030000			47.34
20081117	10040000			47.21
20081117	10050000			46.65
20081117	10060000			47.95
20081117	10070000			47.18
20081117	10080000			46.85
20081117	10090000			47.34
20081117	10100000			47.51
20081117	10110000			46.93
20081117	10120000			47.13
20081117	10130000			47.14
20081117	10140000			46.72
20081117	10150000			48.08
20081117	10160000			46.99
20081117	10170000			46.99
20081117	10180000			46.96
20081117	10190000			46.99
20081117	10200000			46.89
20081117	10210000			46.71
20081117	10220000			46.64
20081117	10230000			46.77
20081117	10240000			46.85
20081117	10250000			46.80
20081117	10260000			46.94
20081117	10270000			46.91
20081117	10280000			46.36
20081117	10290000			46.92
20081117	10300000			46.82
20081117	10310000			46.09
20081117	10320000			46.78
20081117	10330000			46.84
20081117	10340000			47.33
20081117	10350000			47.35
20081117	10360000			46.58
20081117	10370000			46.92
20081117	10380000			46.86
20081117	10390000			46.45
20081117	10400000			47.41
20081117	10410000			46.47
20081117	10420000			46.89
20081117	10430000			46.88
20081117	10440000			47.42
20081117	10450000			46.84
20081117	10460000			46.74
20081117	10470000			46.75
20081117	10480000			46.80
20081117	10490000			46.71
20081117	10500000			46.64
20081117	10510000			47.30
20081117	10520000			47.03
20081117	10530000			46.62
20081117	10540000			46.63
20081117	10550000			46.44
20081117	10560000			46.98
20081117	10570000			46.55
20081117	10580000			46.65
20081117	10590000			46.77
20081117	11000000			46.73
20081117	11010000			47.30
20081117	11020000			47.30
20081117	11030000			46.93
20081117	11040000			46.91
20081117	11050000			47.28
20081117	11060000			47.00
20081117	11070000			46.48
20081117	11080000			47.33
20081117	11090000			47.15
20081117	11100000			46.82
20081117	11110000			47.20
20081117	11120000			46.86
20081117	11130000			47.24
20081117	11140000			47.15
20081117	11150000			47.17
20081117	11160000			47.23
20081117	11170000			47.26
20081117	11180000			46.95
20081117	11190000			46.91
20081117	11200000			46.71
20081117	11210000			46.81
20081117	11220000			46.83
20081117	11230000			46.86
20081117	11240000			46.83
20081117	11250000			46.89
20081117	11260000			46.97
20081117	11270000			46.97
20081117	11280000			46.97
20081117	11290000			46.95
20081117	11300000			46.94
20081117	11310000			46.96
20081117	11320000			46.99
20081117	11330000			46.97
20081117	11340000			46.98
20081117	11350000			47.70
20081117	11360000			48.22
20081117	11370000			48.16
20081117	11380000			47.93
20081117	11390000			49.15
20081117	11400000			46.99
20081117	11410000			47.73
20081117	11420000			47.34
20081117	11430000			47.32
20081117	11440000			48.09
20081117	11450000			48.08
20081117	11460000			48.05
20081117	11470000			47.83
20081117	11480000			47.10
20081117	11490000			47.48
20081117	11500000			47.47
20081117	11510000			47.43
20081117	11520000			47.11
20081117	11530000			47.82
20081117	11540000			47.46
20081117	11550000			47.26
20081117	11560000			47.43
20081117	11570000			47.40
20081117	11580000			47.32
20081117	11590000			47.16
20081117	12000000			47.01
20081117	12010000			47.01
20081117	12020000			47.00
20081117	12030000			47.04
20081117	12040000			47.15
20081117	12050000			47.17
20081117	12060000			47.53
20081117	12070000			47.29
20081117	12080000			47.28
20081117	12090000			46.91
20081117	12100000			47.59
20081117	12110000			47.37
20081117	12120000			47.15
20081117	12130000			47.09
20081117	12140000			46.25
20081117	12150000			47.10
20081117	12160000			46.74
20081117	12170000			47.31
20081117	12180000			47.34
20081117	12190000			47.35
20081117	12200000			47.49
20081117	12210000			46.76
20081117	12220000			47.32
20081117	12230000			47.61
20081117	12240000			47.18
20081117	12250000			47.08
20081117	12260000			47.65
20081117	12270000			47.50
20081117	12280000			46.73
20081117	12290000			47.56
20081117	12300000			47.82
20081117	12310000			46.29
20081117	12320000			47.00
20081117	12330000			47.43
20081117	12340000			46.98
20081117	12350000			47.22
20081117	12360000			46.98
20081117	12370000			47.40
20081117	12380000			47.18
20081117	12390000			47.15
20081117	12400000			47.13
20081117	12410000			47.05
20081117	12420000			46.99
20081117	12430000			46.96
20081117	12440000			47.60
20081117	12450000			46.90
20081117	12460000			46.91
20081117	12470000			46.35
20081117	12480000			47.05
20081117	12490000			47.08
20081117	12500000			46.96
20081117	12510000			46.98
20081117	12520000			47.10
20081117	12530000			46.76
20081117	12540000			47.16
20081117	12550000			47.07
20081117	12560000			47.16
20081117	12570000			47.17
20081117	12580000			47.20
20081117	12590000			47.23
20081117	13000000			47.29
20081117	13010000			47.53
20081117	13020000			46.96
20081117	13030000			47.12
20081117	13040000			47.12
20081117	13050000			47.35
20081117	13060000			47.11
20081117	13070000			47.06
20081117	13080000			47.51
20081117	13090000			46.42
20081117	13100000			46.94
20081117	13110000			47.00
20081117	13120000			46.98
20081117	13130000			47.03
20081117	13140000			46.77
20081117	13150000			47.54
20081117	13160000			45.65
20081117	13170000			47.07
20081117	13180000			47.07
20081117	13190000			46.90
20081117	13200000			46.99
20081117	13210000			46.88
20081117	13220000			46.90
20081117	13230000			46.89
20081117	13240000			47.32
20081117	13250000			47.06
20081117	13260000			46.96
20081117	13270000			47.39
20081117	13280000			47.64
20081117	13290000			46.67
20081117	13300000			47.14
20081117	13310000			47.61
20081117	13320000			47.30
20081117	13330000			47.06
20081117	13340000			47.13
20081117	13350000			47.91
20081117	13360000			47.29
20081117	13370000			47.09
20081117	13380000			46.27
20081117	13390000			47.10
20081117	13400000			46.57
20081117	13410000			47.08
20081117	13420000			46.64
20081117	13430000			46.76
20081117	13440000			46.73
20081117	13450000			46.35
