交易日期	時間(時/分/秒/毫秒)	臺指選擇權波動率指數
--------	-------------------	--------------------
20081125	8460000			52.42
20081125	8470000			52.67
20081125	8480000			52.55
20081125	8490000			52.50
20081125	8500000			52.38
20081125	8510000			52.30
20081125	8520000			52.00
20081125	8530000			51.79
20081125	8540000			51.71
20081125	8550000			51.73
20081125	8560000			51.69
20081125	8570000			51.69
20081125	8580000			51.69
20081125	8590000			51.79
20081125	9000000			51.89
20081125	9010000			52.06
20081125	9020000			52.01
20081125	9030000			52.00
20081125	9040000			51.90
20081125	9050000			51.81
20081125	9060000			51.82
20081125	9070000			51.82
20081125	9080000			51.78
20081125	9090000			51.85
20081125	9100000			51.76
20081125	9110000			51.75
20081125	9120000			51.78
20081125	9130000			51.78
20081125	9140000			51.75
20081125	9150000			51.76
20081125	9160000			51.69
20081125	9170000			51.78
20081125	9180000			51.71
20081125	9190000			51.57
20081125	9200000			51.55
20081125	9210000			51.53
20081125	9220000			51.48
20081125	9230000			51.43
20081125	9240000			51.50
20081125	9250000			51.43
20081125	9260000			51.43
20081125	9270000			51.41
20081125	9280000			51.43
20081125	9290000			51.42
20081125	9300000			51.42
20081125	9310000			51.43
20081125	9320000			51.48
20081125	9330000			51.47
20081125	9340000			51.46
20081125	9350000			51.41
20081125	9360000			51.35
20081125	9370000			51.39
20081125	9380000			51.37
20081125	9390000			51.35
20081125	9400000			51.36
20081125	9410000			51.36
20081125	9420000			51.37
20081125	9430000			51.35
20081125	9440000			51.37
20081125	9450000			51.35
20081125	9460000			51.33
20081125	9470000			51.31
20081125	9480000			51.32
20081125	9490000			51.23
20081125	9500000			51.24
20081125	9510000			51.23
20081125	9520000			51.23
20081125	9530000			51.22
20081125	9540000			51.20
20081125	9550000			51.22
20081125	9560000			51.17
20081125	9570000			51.23
20081125	9580000			51.13
20081125	9590000			51.06
20081125	10000000			51.03
20081125	10010000			51.01
20081125	10020000			51.00
20081125	10030000			50.99
20081125	10040000			51.00
20081125	10050000			51.04
20081125	10060000			51.04
20081125	10070000			51.05
20081125	10080000			51.05
20081125	10090000			51.13
20081125	10100000			51.14
20081125	10110000			51.17
20081125	10120000			51.15
20081125	10130000			51.12
20081125	10140000			51.12
20081125	10150000			51.11
20081125	10160000			51.18
20081125	10170000			51.13
20081125	10180000			51.18
20081125	10190000			51.18
20081125	10200000			51.17
20081125	10210000			51.22
20081125	10220000			51.18
20081125	10230000			51.23
20081125	10240000			51.21
20081125	10250000			51.07
20081125	10260000			51.21
20081125	10270000			51.19
20081125	10280000			51.39
20081125	10290000			51.29
20081125	10300000			51.42
20081125	10310000			51.45
20081125	10320000			51.44
20081125	10330000			51.43
20081125	10340000			51.38
20081125	10350000			51.30
20081125	10360000			51.40
20081125	10370000			51.48
20081125	10380000			51.50
20081125	10390000			51.48
20081125	10400000			51.50
20081125	10410000			51.44
20081125	10420000			51.50
20081125	10430000			51.51
20081125	10440000			51.46
20081125	10450000			51.52
20081125	10460000			51.46
20081125	10470000			51.47
20081125	10480000			51.45
20081125	10490000			51.46
20081125	10500000			51.44
20081125	10510000			51.45
20081125	10520000			51.48
20081125	10530000			51.51
20081125	10540000			51.45
20081125	10550000			51.45
20081125	10560000			51.44
20081125	10570000			51.44
20081125	10580000			51.42
20081125	10590000			51.46
20081125	11000000			51.43
20081125	11010000			51.49
20081125	11020000			51.48
20081125	11030000			51.52
20081125	11040000			51.53
20081125	11050000			51.46
20081125	11060000			51.48
20081125	11070000			51.41
20081125	11080000			51.42
20081125	11090000			51.43
20081125	11100000			51.43
20081125	11110000			51.46
20081125	11120000			51.48
20081125	11130000			51.47
20081125	11140000			51.50
20081125	11150000			51.59
20081125	11160000			51.52
20081125	11170000			51.57
20081125	11180000			51.55
20081125	11190000			51.62
20081125	11200000			51.62
20081125	11210000			51.64
20081125	11220000			51.62
20081125	11230000			51.65
20081125	11240000			51.61
20081125	11250000			51.63
20081125	11260000			51.60
20081125	11270000			51.61
20081125	11280000			51.63
20081125	11290000			51.63
20081125	11300000			51.62
20081125	11310000			51.57
20081125	11320000			51.62
20081125	11330000			51.65
20081125	11340000			51.62
20081125	11350000			51.55
20081125	11360000			51.57
20081125	11370000			51.58
20081125	11380000			51.61
20081125	11390000			51.54
20081125	11400000			51.47
20081125	11410000			51.43
20081125	11420000			51.44
20081125	11430000			51.33
20081125	11440000			51.34
20081125	11450000			51.19
20081125	11460000			51.00
20081125	11470000			50.95
20081125	11480000			51.02
20081125	11490000			51.05
20081125	11500000			50.99
20081125	11510000			51.03
20081125	11520000			50.97
20081125	11530000			51.01
20081125	11540000			51.04
20081125	11550000			51.08
20081125	11560000			51.05
20081125	11570000			51.03
20081125	11580000			51.13
20081125	11590000			51.08
20081125	12000000			51.10
20081125	12010000			51.08
20081125	12020000			51.12
20081125	12030000			51.10
20081125	12040000			51.14
20081125	12050000			51.12
20081125	12060000			51.06
20081125	12070000			51.04
20081125	12080000			51.00
20081125	12090000			50.90
20081125	12100000			50.93
20081125	12110000			50.90
20081125	12120000			50.88
20081125	12130000			50.82
20081125	12140000			50.83
20081125	12150000			50.85
20081125	12160000			50.87
20081125	12170000			50.82
20081125	12180000			50.82
20081125	12190000			50.85
20081125	12200000			50.84
20081125	12210000			50.91
20081125	12220000			50.91
20081125	12230000			50.94
20081125	12240000			50.99
20081125	12250000			51.03
20081125	12260000			51.02
20081125	12270000			51.05
20081125	12280000			51.17
20081125	12290000			51.15
20081125	12300000			51.20
20081125	12310000			51.18
20081125	12320000			51.20
20081125	12330000			51.20
20081125	12340000			51.13
20081125	12350000			51.16
20081125	12360000			51.15
20081125	12370000			51.20
20081125	12380000			51.18
20081125	12390000			51.22
20081125	12400000			51.24
20081125	12410000			51.22
20081125	12420000			51.25
20081125	12430000			51.25
20081125	12440000			51.26
20081125	12450000			51.26
20081125	12460000			51.23
20081125	12470000			51.24
20081125	12480000			51.25
20081125	12490000			51.28
20081125	12500000			51.25
20081125	12510000			51.22
20081125	12520000			51.26
20081125	12530000			51.22
20081125	12540000			51.27
20081125	12550000			51.27
20081125	12560000			51.27
20081125	12570000			51.19
20081125	12580000			51.27
20081125	12590000			51.25
20081125	13000000			51.25
20081125	13010000			51.26
20081125	13020000			51.26
20081125	13030000			51.26
20081125	13040000			51.25
20081125	13050000			51.27
20081125	13060000			51.30
20081125	13070000			51.31
20081125	13080000			51.38
20081125	13090000			51.34
20081125	13100000			51.33
20081125	13110000			51.40
20081125	13120000			51.36
20081125	13130000			51.36
20081125	13140000			51.35
20081125	13150000			51.45
20081125	13160000			51.40
20081125	13170000			51.44
20081125	13180000			51.48
20081125	13190000			51.50
20081125	13200000			51.41
20081125	13210000			51.40
20081125	13220000			51.49
20081125	13230000			51.46
20081125	13240000			51.45
20081125	13250000			51.49
20081125	13260000			51.51
20081125	13270000			51.52
20081125	13280000			51.54
20081125	13290000			51.52
20081125	13300000			51.49
20081125	13310000			51.59
20081125	13320000			51.57
20081125	13330000			51.51
20081125	13340000			51.54
20081125	13350000			51.42
20081125	13360000			51.51
20081125	13370000			51.55
20081125	13380000			51.54
20081125	13390000			51.45
20081125	13400000			51.48
20081125	13410000			51.49
20081125	13420000			51.49
20081125	13430000			51.48
20081125	13440000			51.46
20081125	13450000			51.51
