交易日期	時間(時/分/秒/毫秒)	臺指選擇權波動率指數
--------	-------------------	--------------------
20081107	8460000			57.09
20081107	8470000			57.16
20081107	8480000			57.50
20081107	8490000			57.54
20081107	8500000			57.84
20081107	8510000			57.85
20081107	8520000			57.05
20081107	8530000			57.75
20081107	8540000			56.53
20081107	8550000			56.49
20081107	8560000			56.50
20081107	8570000			56.20
20081107	8580000			56.20
20081107	8590000			56.27
20081107	9000000			56.42
20081107	9010000			56.87
20081107	9020000			56.71
20081107	9030000			56.95
20081107	9040000			57.01
20081107	9050000			56.97
20081107	9060000			56.97
20081107	9070000			56.79
20081107	9080000			56.77
20081107	9090000			56.67
20081107	9100000			56.99
20081107	9110000			57.11
20081107	9120000			57.03
20081107	9130000			57.14
20081107	9140000			57.26
20081107	9150000			57.31
20081107	9160000			57.26
20081107	9170000			56.87
20081107	9180000			57.44
20081107	9190000			57.52
20081107	9200000			57.37
20081107	9210000			57.39
20081107	9220000			57.46
20081107	9230000			57.43
20081107	9240000			57.54
20081107	9250000			57.42
20081107	9260000			57.66
20081107	9270000			57.98
20081107	9280000			57.89
20081107	9290000			57.72
20081107	9300000			57.66
20081107	9310000			57.72
20081107	9320000			58.19
20081107	9330000			58.02
20081107	9340000			57.90
20081107	9350000			57.99
20081107	9360000			57.63
20081107	9370000			57.69
20081107	9380000			57.89
20081107	9390000			57.92
20081107	9400000			57.91
20081107	9410000			57.81
20081107	9420000			57.76
20081107	9430000			57.93
20081107	9440000			58.08
20081107	9450000			58.14
20081107	9460000			58.15
20081107	9470000			58.10
20081107	9480000			58.11
20081107	9490000			58.14
20081107	9500000			58.07
20081107	9510000			58.17
20081107	9520000			58.25
20081107	9530000			58.00
20081107	9540000			58.16
20081107	9550000			57.99
20081107	9560000			57.92
20081107	9570000			57.83
20081107	9580000			58.06
20081107	9590000			57.76
20081107	10000000			57.69
20081107	10010000			57.84
20081107	10020000			57.84
20081107	10030000			57.73
20081107	10040000			57.74
20081107	10050000			57.71
20081107	10060000			57.76
20081107	10070000			57.96
20081107	10080000			57.80
20081107	10090000			57.65
20081107	10100000			57.59
20081107	10110000			57.54
20081107	10120000			57.15
20081107	10130000			57.21
20081107	10140000			57.07
20081107	10150000			57.10
20081107	10160000			57.17
20081107	10170000			57.50
20081107	10180000			57.08
20081107	10190000			57.17
20081107	10200000			57.11
20081107	10210000			57.21
20081107	10220000			57.28
20081107	10230000			57.30
20081107	10240000			57.19
20081107	10250000			57.28
20081107	10260000			57.34
20081107	10270000			57.31
20081107	10280000			57.34
20081107	10290000			57.10
20081107	10300000			57.08
20081107	10310000			57.12
20081107	10320000			57.09
20081107	10330000			57.20
20081107	10340000			57.19
20081107	10350000			57.19
20081107	10360000			57.15
20081107	10370000			57.04
20081107	10380000			57.13
20081107	10390000			57.17
20081107	10400000			57.26
20081107	10410000			57.31
20081107	10420000			57.32
20081107	10430000			57.32
20081107	10440000			57.24
20081107	10450000			57.23
20081107	10460000			57.21
20081107	10470000			57.15
20081107	10480000			57.20
20081107	10490000			57.29
20081107	10500000			57.24
20081107	10510000			56.87
20081107	10520000			57.28
20081107	10530000			57.23
20081107	10540000			57.17
20081107	10550000			57.08
20081107	10560000			57.04
20081107	10570000			56.99
20081107	10580000			57.18
20081107	10590000			57.27
20081107	11000000			57.01
20081107	11010000			57.21
20081107	11020000			57.20
20081107	11030000			57.17
20081107	11040000			57.01
20081107	11050000			57.18
20081107	11060000			57.19
20081107	11070000			56.97
20081107	11080000			56.97
20081107	11090000			56.97
20081107	11100000			56.82
20081107	11110000			57.19
20081107	11120000			57.38
20081107	11130000			57.29
20081107	11140000			57.50
20081107	11150000			57.60
20081107	11160000			57.64
20081107	11170000			57.73
20081107	11180000			57.65
20081107	11190000			57.47
20081107	11200000			57.38
20081107	11210000			57.62
20081107	11220000			57.64
20081107	11230000			57.36
20081107	11240000			57.63
20081107	11250000			57.60
20081107	11260000			57.33
20081107	11270000			57.64
20081107	11280000			57.76
20081107	11290000			57.84
20081107	11300000			57.31
20081107	11310000			57.64
20081107	11320000			57.59
20081107	11330000			57.82
20081107	11340000			57.93
20081107	11350000			58.00
20081107	11360000			57.31
20081107	11370000			57.06
20081107	11380000			57.34
20081107	11390000			57.38
20081107	11400000			57.38
20081107	11410000			57.37
20081107	11420000			57.46
20081107	11430000			57.27
20081107	11440000			57.27
20081107	11450000			57.29
20081107	11460000			57.49
20081107	11470000			57.55
20081107	11480000			57.56
20081107	11490000			57.42
20081107	11500000			57.21
20081107	11510000			57.37
20081107	11520000			57.47
20081107	11530000			57.57
20081107	11540000			57.44
20081107	11550000			57.32
20081107	11560000			57.24
20081107	11570000			57.11
20081107	11580000			57.17
20081107	11590000			57.15
20081107	12000000			57.13
20081107	12010000			57.23
20081107	12020000			57.25
20081107	12030000			57.20
20081107	12040000			57.15
20081107	12050000			57.16
20081107	12060000			57.37
20081107	12070000			57.16
20081107	12080000			57.16
20081107	12090000			57.14
20081107	12100000			57.10
20081107	12110000			57.11
20081107	12120000			57.15
20081107	12130000			57.12
20081107	12140000			57.19
20081107	12150000			57.09
20081107	12160000			57.15
20081107	12170000			57.06
20081107	12180000			57.09
20081107	12190000			57.40
20081107	12200000			57.18
20081107	12210000			57.11
20081107	12220000			57.05
20081107	12230000			56.94
20081107	12240000			57.29
20081107	12250000			57.42
20081107	12260000			56.95
20081107	12270000			56.87
20081107	12280000			56.93
20081107	12290000			56.90
20081107	12300000			56.90
20081107	12310000			56.96
20081107	12320000			56.90
20081107	12330000			56.79
20081107	12340000			56.72
20081107	12350000			56.67
20081107	12360000			56.66
20081107	12370000			56.69
20081107	12380000			56.68
20081107	12390000			56.67
20081107	12400000			56.46
20081107	12410000			56.40
20081107	12420000			56.31
20081107	12430000			56.21
20081107	12440000			56.11
20081107	12450000			56.16
20081107	12460000			56.13
20081107	12470000			56.27
20081107	12480000			56.37
20081107	12490000			56.21
20081107	12500000			56.50
20081107	12510000			56.78
20081107	12520000			56.46
20081107	12530000			56.60
20081107	12540000			56.65
20081107	12550000			56.82
20081107	12560000			56.58
20081107	12570000			56.73
20081107	12580000			56.67
20081107	12590000			56.60
20081107	13000000			56.55
20081107	13010000			56.57
20081107	13020000			56.46
20081107	13030000			56.42
20081107	13040000			56.37
20081107	13050000			56.26
20081107	13060000			56.35
20081107	13070000			56.26
20081107	13080000			56.32
20081107	13090000			56.26
20081107	13100000			55.84
20081107	13110000			55.80
20081107	13120000			55.81
20081107	13130000			56.02
20081107	13140000			55.71
20081107	13150000			56.03
20081107	13160000			56.24
20081107	13170000			56.12
20081107	13180000			56.18
20081107	13190000			56.25
20081107	13200000			56.20
20081107	13210000			56.31
20081107	13220000			56.11
20081107	13230000			56.34
20081107	13240000			56.19
20081107	13250000			56.34
20081107	13260000			56.48
20081107	13270000			56.55
20081107	13280000			56.26
20081107	13290000			56.58
20081107	13300000			56.69
20081107	13310000			55.86
20081107	13320000			56.50
20081107	13330000			56.24
20081107	13340000			56.28
20081107	13350000			56.71
20081107	13360000			56.42
20081107	13370000			56.46
20081107	13380000			56.52
20081107	13390000			56.52
20081107	13400000			56.62
20081107	13410000			56.80
20081107	13420000			56.91
20081107	13430000			57.28
20081107	13440000			57.07
20081107	13450000			57.33
