交易日期	時間(時/分/秒/毫秒)	臺指選擇權波動率指數
--------	-------------------	--------------------
20081104	8460000			54.97
20081104	8470000			58.43
20081104	8480000			58.14
20081104	8490000			57.39
20081104	8500000			57.19
20081104	8510000			57.30
20081104	8520000			57.42
20081104	8530000			57.44
20081104	8540000			57.59
20081104	8550000			57.60
20081104	8560000			57.03
20081104	8570000			57.18
20081104	8580000			57.21
20081104	8590000			57.16
20081104	9000000			57.12
20081104	9010000			57.16
20081104	9020000			57.16
20081104	9030000			57.32
20081104	9040000			57.33
20081104	9050000			57.27
20081104	9060000			57.22
20081104	9070000			57.19
20081104	9080000			57.38
20081104	9090000			57.34
20081104	9100000			57.29
20081104	9110000			57.29
20081104	9120000			57.42
20081104	9130000			57.28
20081104	9140000			57.27
20081104	9150000			57.22
20081104	9160000			57.26
20081104	9170000			57.16
20081104	9180000			57.08
20081104	9190000			56.99
20081104	9200000			56.93
20081104	9210000			56.94
20081104	9220000			57.01
20081104	9230000			57.06
20081104	9240000			57.10
20081104	9250000			57.04
20081104	9260000			57.06
20081104	9270000			57.04
20081104	9280000			56.99
20081104	9290000			56.97
20081104	9300000			56.96
20081104	9310000			56.94
20081104	9320000			56.96
20081104	9330000			56.92
20081104	9340000			56.90
20081104	9350000			56.94
20081104	9360000			57.18
20081104	9370000			57.09
20081104	9380000			57.11
20081104	9390000			57.10
20081104	9400000			57.20
20081104	9410000			57.15
20081104	9420000			57.14
20081104	9430000			57.21
20081104	9440000			57.24
20081104	9450000			57.20
20081104	9460000			57.26
20081104	9470000			57.19
20081104	9480000			57.20
20081104	9490000			57.17
20081104	9500000			57.13
20081104	9510000			57.15
20081104	9520000			57.21
20081104	9530000			57.21
20081104	9540000			57.12
20081104	9550000			57.09
20081104	9560000			57.08
20081104	9570000			57.07
20081104	9580000			57.04
20081104	9590000			57.03
20081104	10000000			56.97
20081104	10010000			57.03
20081104	10020000			57.32
20081104	10030000			57.09
20081104	10040000			57.11
20081104	10050000			57.02
20081104	10060000			57.10
20081104	10070000			57.12
20081104	10080000			57.19
20081104	10090000			57.15
20081104	10100000			57.20
20081104	10110000			57.18
20081104	10120000			57.16
20081104	10130000			57.11
20081104	10140000			57.06
20081104	10150000			57.12
20081104	10160000			57.10
20081104	10170000			57.10
20081104	10180000			57.10
20081104	10190000			57.10
20081104	10200000			57.11
20081104	10210000			57.11
20081104	10220000			57.08
20081104	10230000			56.98
20081104	10240000			56.95
20081104	10250000			56.88
20081104	10260000			56.89
20081104	10270000			56.84
20081104	10280000			56.80
20081104	10290000			56.77
20081104	10300000			56.74
20081104	10310000			56.75
20081104	10320000			56.76
20081104	10330000			56.75
20081104	10340000			56.73
20081104	10350000			56.60
20081104	10360000			56.55
20081104	10370000			56.51
20081104	10380000			56.51
20081104	10390000			56.44
20081104	10400000			56.43
20081104	10410000			56.53
20081104	10420000			56.52
20081104	10430000			56.48
20081104	10440000			56.46
20081104	10450000			56.45
20081104	10460000			56.49
20081104	10470000			56.47
20081104	10480000			56.48
20081104	10490000			56.48
20081104	10500000			56.50
20081104	10510000			56.45
20081104	10520000			56.36
20081104	10530000			56.35
20081104	10540000			56.32
20081104	10550000			56.39
20081104	10560000			56.26
20081104	10570000			56.26
20081104	10580000			56.31
20081104	10590000			56.20
20081104	11000000			56.30
20081104	11010000			56.29
20081104	11020000			56.32
20081104	11030000			56.35
20081104	11040000			56.24
20081104	11050000			56.26
20081104	11060000			56.32
20081104	11070000			56.40
20081104	11080000			56.40
20081104	11090000			56.46
20081104	11100000			56.48
20081104	11110000			56.49
20081104	11120000			56.46
20081104	11130000			56.43
20081104	11140000			56.43
20081104	11150000			56.44
20081104	11160000			56.40
20081104	11170000			56.37
20081104	11180000			56.36
20081104	11190000			56.39
20081104	11200000			56.30
20081104	11210000			56.35
20081104	11220000			56.50
20081104	11230000			56.41
20081104	11240000			56.35
20081104	11250000			56.32
20081104	11260000			56.38
20081104	11270000			56.36
20081104	11280000			56.43
20081104	11290000			56.41
20081104	11300000			56.41
20081104	11310000			56.35
20081104	11320000			56.29
20081104	11330000			56.19
20081104	11340000			56.16
20081104	11350000			56.21
20081104	11360000			56.17
20081104	11370000			56.07
20081104	11380000			56.04
20081104	11390000			56.00
20081104	11400000			56.05
20081104	11410000			56.01
20081104	11420000			55.97
20081104	11430000			55.95
20081104	11440000			55.98
20081104	11450000			55.98
20081104	11460000			56.00
20081104	11470000			56.05
20081104	11480000			55.97
20081104	11490000			56.02
20081104	11500000			56.01
20081104	11510000			55.92
20081104	11520000			55.91
20081104	11530000			56.01
20081104	11540000			56.03
20081104	11550000			56.01
20081104	11560000			56.01
20081104	11570000			56.08
20081104	11580000			55.99
20081104	11590000			56.05
20081104	12000000			56.09
20081104	12010000			56.09
20081104	12020000			56.14
20081104	12030000			56.10
20081104	12040000			56.12
20081104	12050000			56.04
20081104	12060000			56.12
20081104	12070000			56.06
20081104	12080000			56.03
20081104	12090000			55.97
20081104	12100000			55.91
20081104	12110000			55.93
20081104	12120000			55.91
20081104	12130000			55.91
20081104	12140000			55.77
20081104	12150000			55.66
20081104	12160000			55.65
20081104	12170000			55.68
20081104	12180000			55.68
20081104	12190000			55.64
20081104	12200000			55.69
20081104	12210000			55.62
20081104	12220000			55.70
20081104	12230000			55.64
20081104	12240000			55.66
20081104	12250000			55.67
20081104	12260000			55.71
20081104	12270000			55.71
20081104	12280000			55.79
20081104	12290000			55.72
20081104	12300000			55.70
20081104	12310000			55.71
20081104	12320000			55.58
20081104	12330000			55.53
20081104	12340000			55.52
20081104	12350000			55.60
20081104	12360000			55.61
20081104	12370000			55.63
20081104	12380000			55.63
20081104	12390000			55.80
20081104	12400000			55.78
20081104	12410000			55.86
20081104	12420000			55.90
20081104	12430000			55.87
20081104	12440000			55.88
20081104	12450000			55.92
20081104	12460000			56.09
20081104	12470000			55.98
20081104	12480000			56.00
20081104	12490000			55.99
20081104	12500000			55.97
20081104	12510000			56.02
20081104	12520000			55.85
20081104	12530000			55.80
20081104	12540000			55.77
20081104	12550000			55.74
20081104	12560000			55.79
20081104	12570000			55.68
20081104	12580000			55.60
20081104	12590000			55.71
20081104	13000000			55.66
20081104	13010000			55.56
20081104	13020000			55.35
20081104	13030000			55.39
20081104	13040000			55.28
20081104	13050000			55.08
20081104	13060000			55.07
20081104	13070000			54.61
20081104	13080000			55.05
20081104	13090000			54.95
20081104	13100000			54.96
20081104	13110000			54.95
20081104	13120000			55.05
20081104	13130000			55.02
20081104	13140000			55.00
20081104	13150000			55.00
20081104	13160000			54.98
20081104	13170000			54.94
20081104	13180000			54.91
20081104	13190000			54.76
20081104	13200000			54.80
20081104	13210000			54.71
20081104	13220000			54.73
20081104	13230000			54.72
20081104	13240000			54.72
20081104	13250000			54.60
20081104	13260000			54.62
20081104	13270000			54.76
20081104	13280000			54.70
20081104	13290000			54.57
20081104	13300000			54.53
20081104	13310000			54.21
20081104	13320000			54.37
20081104	13330000			54.36
20081104	13340000			54.33
20081104	13350000			54.31
20081104	13360000			54.37
20081104	13370000			54.06
20081104	13380000			54.07
20081104	13390000			54.05
20081104	13400000			53.91
20081104	13410000			53.83
20081104	13420000			53.76
20081104	13430000			53.74
20081104	13440000			53.74
20081104	13450000			53.69
