交易日期	時間(時/分/秒/毫秒)	臺指選擇權波動率指數
--------	-------------------	--------------------
20081128	8460000			43.04
20081128	8470000			44.31
20081128	8480000			44.31
20081128	8490000			44.24
20081128	8500000			44.36
20081128	8510000			44.41
20081128	8520000			44.29
20081128	8530000			44.36
20081128	8540000			44.51
20081128	8550000			44.37
20081128	8560000			44.32
20081128	8570000			44.37
20081128	8580000			44.35
20081128	8590000			44.36
20081128	9000000			44.43
20081128	9010000			44.42
20081128	9020000			44.57
20081128	9030000			44.58
20081128	9040000			44.69
20081128	9050000			44.71
20081128	9060000			44.66
20081128	9070000			44.65
20081128	9080000			44.61
20081128	9090000			44.60
20081128	9100000			44.52
20081128	9110000			44.54
20081128	9120000			44.54
20081128	9130000			44.56
20081128	9140000			44.56
20081128	9150000			44.58
20081128	9160000			44.55
20081128	9170000			44.65
20081128	9180000			44.66
20081128	9190000			44.66
20081128	9200000			44.71
20081128	9210000			44.64
20081128	9220000			44.76
20081128	9230000			44.68
20081128	9240000			44.79
20081128	9250000			44.84
20081128	9260000			44.85
20081128	9270000			44.89
20081128	9280000			44.89
20081128	9290000			44.85
20081128	9300000			44.83
20081128	9310000			44.90
20081128	9320000			44.97
20081128	9330000			44.96
20081128	9340000			44.96
20081128	9350000			44.96
20081128	9360000			44.93
20081128	9370000			44.94
20081128	9380000			44.99
20081128	9390000			45.03
20081128	9400000			45.06
20081128	9410000			45.02
20081128	9420000			45.04
20081128	9430000			44.99
20081128	9440000			45.04
20081128	9450000			44.92
20081128	9460000			45.03
20081128	9470000			45.04
20081128	9480000			45.07
20081128	9490000			45.12
20081128	9500000			45.11
20081128	9510000			45.08
20081128	9520000			45.03
20081128	9530000			45.01
20081128	9540000			45.01
20081128	9550000			44.97
20081128	9560000			44.96
20081128	9570000			44.93
20081128	9580000			44.92
20081128	9590000			44.94
20081128	10000000			44.98
20081128	10010000			44.91
20081128	10020000			44.92
20081128	10030000			44.94
20081128	10040000			44.95
20081128	10050000			44.94
20081128	10060000			44.92
20081128	10070000			44.90
20081128	10080000			44.90
20081128	10090000			44.84
20081128	10100000			44.83
20081128	10110000			44.80
20081128	10120000			44.79
20081128	10130000			44.75
20081128	10140000			44.68
20081128	10150000			44.63
20081128	10160000			44.52
20081128	10170000			44.36
20081128	10180000			44.40
20081128	10190000			44.34
20081128	10200000			44.27
20081128	10210000			44.28
20081128	10220000			44.27
20081128	10230000			44.23
20081128	10240000			44.23
20081128	10250000			44.22
20081128	10260000			44.25
20081128	10270000			44.22
20081128	10280000			44.18
20081128	10290000			44.17
20081128	10300000			44.15
20081128	10310000			44.16
20081128	10320000			44.17
20081128	10330000			44.25
20081128	10340000			44.22
20081128	10350000			44.22
20081128	10360000			44.26
20081128	10370000			44.24
20081128	10380000			44.25
20081128	10390000			44.24
20081128	10400000			44.22
20081128	10410000			44.18
20081128	10420000			44.19
20081128	10430000			44.21
20081128	10440000			44.22
20081128	10450000			44.23
20081128	10460000			44.18
20081128	10470000			44.13
20081128	10480000			44.18
20081128	10490000			44.15
20081128	10500000			44.14
20081128	10510000			44.12
20081128	10520000			44.06
20081128	10530000			44.13
20081128	10540000			44.14
20081128	10550000			44.07
20081128	10560000			44.11
20081128	10570000			44.12
20081128	10580000			43.97
20081128	10590000			43.88
20081128	11000000			43.86
20081128	11010000			43.90
20081128	11020000			43.93
20081128	11030000			43.90
20081128	11040000			43.86
20081128	11050000			43.91
20081128	11060000			43.95
20081128	11070000			43.92
20081128	11080000			43.94
20081128	11090000			43.95
20081128	11100000			43.97
20081128	11110000			43.97
20081128	11120000			43.96
20081128	11130000			43.99
20081128	11140000			43.95
20081128	11150000			43.96
20081128	11160000			43.95
20081128	11170000			43.94
20081128	11180000			43.96
20081128	11190000			43.97
20081128	11200000			43.98
20081128	11210000			43.99
20081128	11220000			43.96
20081128	11230000			43.99
20081128	11240000			43.99
20081128	11250000			43.98
20081128	11260000			44.02
20081128	11270000			43.99
20081128	11280000			44.01
20081128	11290000			44.02
20081128	11300000			43.94
20081128	11310000			43.97
20081128	11320000			44.03
20081128	11330000			44.05
20081128	11340000			43.97
20081128	11350000			43.95
20081128	11360000			43.98
20081128	11370000			43.97
20081128	11380000			43.92
20081128	11390000			43.96
20081128	11400000			43.97
20081128	11410000			43.97
20081128	11420000			43.95
20081128	11430000			43.93
20081128	11440000			43.96
20081128	11450000			43.93
20081128	11460000			43.98
20081128	11470000			44.00
20081128	11480000			43.95
20081128	11490000			43.95
20081128	11500000			43.95
20081128	11510000			43.96
20081128	11520000			43.95
20081128	11530000			43.92
20081128	11540000			43.86
20081128	11550000			43.87
20081128	11560000			43.87
20081128	11570000			43.92
20081128	11580000			44.02
20081128	11590000			44.00
20081128	12000000			43.99
20081128	12010000			44.05
20081128	12020000			44.15
20081128	12030000			44.18
20081128	12040000			44.22
20081128	12050000			44.20
20081128	12060000			44.19
20081128	12070000			44.19
20081128	12080000			44.17
20081128	12090000			44.16
20081128	12100000			44.14
20081128	12110000			44.14
20081128	12120000			44.09
20081128	12130000			44.04
20081128	12140000			43.99
20081128	12150000			44.00
20081128	12160000			43.89
20081128	12170000			43.90
20081128	12180000			43.92
20081128	12190000			43.94
20081128	12200000			43.91
20081128	12210000			43.88
20081128	12220000			43.91
20081128	12230000			43.89
20081128	12240000			43.91
20081128	12250000			43.92
20081128	12260000			43.90
20081128	12270000			43.92
20081128	12280000			43.89
20081128	12290000			43.91
20081128	12300000			43.87
20081128	12310000			43.87
20081128	12320000			43.89
20081128	12330000			43.88
20081128	12340000			43.86
20081128	12350000			43.88
20081128	12360000			43.91
20081128	12370000			43.85
20081128	12380000			43.80
20081128	12390000			43.77
20081128	12400000			43.79
20081128	12410000			43.83
20081128	12420000			43.83
20081128	12430000			43.82
20081128	12440000			43.80
20081128	12450000			43.80
20081128	12460000			43.82
20081128	12470000			43.82
20081128	12480000			43.81
20081128	12490000			43.80
20081128	12500000			43.81
20081128	12510000			43.81
20081128	12520000			43.80
20081128	12530000			43.85
20081128	12540000			43.86
20081128	12550000			43.84
20081128	12560000			43.81
20081128	12570000			43.81
20081128	12580000			43.84
20081128	12590000			43.82
20081128	13000000			43.81
20081128	13010000			43.81
20081128	13020000			43.85
20081128	13030000			43.88
20081128	13040000			43.87
20081128	13050000			43.85
20081128	13060000			43.86
20081128	13070000			43.87
20081128	13080000			43.88
20081128	13090000			43.90
20081128	13100000			43.88
20081128	13110000			43.85
20081128	13120000			43.84
20081128	13130000			43.86
20081128	13140000			43.86
20081128	13150000			43.84
20081128	13160000			43.81
20081128	13170000			43.82
20081128	13180000			43.82
20081128	13190000			43.83
20081128	13200000			43.80
20081128	13210000			43.84
20081128	13220000			43.86
20081128	13230000			43.86
20081128	13240000			43.88
20081128	13250000			43.88
20081128	13260000			43.87
20081128	13270000			43.86
20081128	13280000			43.89
20081128	13290000			43.80
20081128	13300000			43.74
20081128	13310000			43.72
20081128	13320000			43.65
20081128	13330000			43.66
20081128	13340000			43.59
20081128	13350000			43.65
20081128	13360000			43.62
20081128	13370000			43.64
20081128	13380000			43.63
20081128	13390000			43.62
20081128	13400000			43.62
20081128	13410000			43.60
20081128	13420000			43.59
20081128	13430000			43.61
20081128	13440000			43.57
20081128	13450000			43.48
