交易日期	時間(時/分/秒/毫秒)	臺指選擇權波動率指數
--------	-------------------	--------------------
20081127	8460000			48.43
20081127	8470000			48.34
20081127	8480000			48.26
20081127	8490000			48.11
20081127	8500000			48.08
20081127	8510000			48.10
20081127	8520000			47.99
20081127	8530000			47.97
20081127	8540000			47.96
20081127	8550000			47.94
20081127	8560000			47.82
20081127	8570000			47.90
20081127	8580000			47.72
20081127	8590000			47.60
20081127	9000000			47.63
20081127	9010000			47.66
20081127	9020000			47.62
20081127	9030000			47.62
20081127	9040000			47.56
20081127	9050000			47.61
20081127	9060000			47.60
20081127	9070000			47.59
20081127	9080000			47.58
20081127	9090000			47.68
20081127	9100000			47.68
20081127	9110000			47.71
20081127	9120000			47.66
20081127	9130000			47.63
20081127	9140000			47.63
20081127	9150000			47.67
20081127	9160000			47.57
20081127	9170000			47.44
20081127	9180000			47.45
20081127	9190000			47.39
20081127	9200000			47.31
20081127	9210000			47.26
20081127	9220000			47.26
20081127	9230000			47.26
20081127	9240000			47.27
20081127	9250000			47.28
20081127	9260000			47.24
20081127	9270000			47.25
20081127	9280000			47.12
20081127	9290000			47.14
20081127	9300000			47.08
20081127	9310000			47.01
20081127	9320000			46.99
20081127	9330000			46.94
20081127	9340000			46.98
20081127	9350000			47.03
20081127	9360000			47.00
20081127	9370000			47.00
20081127	9380000			46.96
20081127	9390000			47.05
20081127	9400000			46.97
20081127	9410000			47.07
20081127	9420000			47.02
20081127	9430000			46.79
20081127	9440000			46.76
20081127	9450000			46.70
20081127	9460000			46.77
20081127	9470000			46.79
20081127	9480000			46.76
20081127	9490000			46.71
20081127	9500000			46.71
20081127	9510000			46.73
20081127	9520000			46.72
20081127	9530000			46.68
20081127	9540000			46.65
20081127	9550000			46.64
20081127	9560000			46.66
20081127	9570000			46.66
20081127	9580000			46.69
20081127	9590000			46.74
20081127	10000000			46.72
20081127	10010000			46.70
20081127	10020000			46.75
20081127	10030000			46.74
20081127	10040000			46.70
20081127	10050000			46.61
20081127	10060000			46.65
20081127	10070000			46.63
20081127	10080000			46.64
20081127	10090000			46.61
20081127	10100000			46.60
20081127	10110000			46.54
20081127	10120000			46.45
20081127	10130000			46.43
20081127	10140000			46.39
20081127	10150000			46.36
20081127	10160000			46.30
20081127	10170000			46.43
20081127	10180000			46.41
20081127	10190000			46.39
20081127	10200000			46.42
20081127	10210000			46.41
20081127	10220000			46.43
20081127	10230000			46.42
20081127	10240000			46.38
20081127	10250000			46.38
20081127	10260000			46.37
20081127	10270000			46.40
20081127	10280000			46.42
20081127	10290000			46.43
20081127	10300000			46.44
20081127	10310000			46.44
20081127	10320000			46.40
20081127	10330000			46.43
20081127	10340000			46.46
20081127	10350000			46.44
20081127	10360000			46.45
20081127	10370000			46.45
20081127	10380000			46.45
20081127	10390000			46.48
20081127	10400000			46.47
20081127	10410000			46.49
20081127	10420000			46.48
20081127	10430000			46.49
20081127	10440000			46.44
20081127	10450000			46.42
20081127	10460000			46.37
20081127	10470000			46.34
20081127	10480000			46.35
20081127	10490000			46.33
20081127	10500000			46.32
20081127	10510000			46.27
20081127	10520000			46.25
20081127	10530000			46.24
20081127	10540000			46.25
20081127	10550000			46.19
20081127	10560000			46.19
20081127	10570000			46.20
20081127	10580000			46.20
20081127	10590000			46.17
20081127	11000000			46.13
20081127	11010000			46.06
20081127	11020000			46.05
20081127	11030000			46.00
20081127	11040000			45.90
20081127	11050000			45.93
20081127	11060000			45.91
20081127	11070000			45.96
20081127	11080000			45.87
20081127	11090000			45.88
20081127	11100000			45.86
20081127	11110000			45.88
20081127	11120000			45.79
20081127	11130000			45.79
20081127	11140000			45.75
20081127	11150000			45.73
20081127	11160000			45.64
20081127	11170000			45.62
20081127	11180000			45.56
20081127	11190000			45.48
20081127	11200000			45.41
20081127	11210000			45.22
20081127	11220000			45.12
20081127	11230000			45.09
20081127	11240000			45.10
20081127	11250000			45.12
20081127	11260000			45.12
20081127	11270000			45.08
20081127	11280000			44.90
20081127	11290000			44.72
20081127	11300000			44.68
20081127	11310000			44.66
20081127	11320000			44.61
20081127	11330000			44.63
20081127	11340000			44.66
20081127	11350000			44.65
20081127	11360000			44.61
20081127	11370000			44.57
20081127	11380000			44.59
20081127	11390000			44.48
20081127	11400000			44.55
20081127	11410000			44.52
20081127	11420000			44.35
20081127	11430000			44.19
20081127	11440000			43.83
20081127	11450000			43.86
20081127	11460000			43.88
20081127	11470000			43.99
20081127	11480000			44.00
20081127	11490000			44.05
20081127	11500000			44.10
20081127	11510000			44.11
20081127	11520000			44.07
20081127	11530000			44.14
20081127	11540000			44.14
20081127	11550000			44.09
20081127	11560000			44.15
20081127	11570000			44.11
20081127	11580000			44.11
20081127	11590000			44.10
20081127	12000000			44.12
20081127	12010000			44.18
20081127	12020000			44.12
20081127	12030000			44.13
20081127	12040000			44.18
20081127	12050000			44.17
20081127	12060000			44.23
20081127	12070000			44.36
20081127	12080000			44.35
20081127	12090000			44.29
20081127	12100000			44.30
20081127	12110000			44.28
20081127	12120000			44.22
20081127	12130000			44.26
20081127	12140000			44.26
20081127	12150000			44.25
20081127	12160000			44.27
20081127	12170000			44.26
20081127	12180000			44.25
20081127	12190000			44.26
20081127	12200000			44.31
20081127	12210000			44.37
20081127	12220000			44.33
20081127	12230000			44.41
20081127	12240000			44.47
20081127	12250000			44.59
20081127	12260000			44.68
20081127	12270000			44.66
20081127	12280000			44.65
20081127	12290000			44.65
20081127	12300000			44.59
20081127	12310000			44.60
20081127	12320000			44.60
20081127	12330000			44.65
20081127	12340000			44.63
20081127	12350000			44.64
20081127	12360000			44.71
20081127	12370000			44.72
20081127	12380000			44.73
20081127	12390000			44.72
20081127	12400000			44.72
20081127	12410000			44.76
20081127	12420000			44.78
20081127	12430000			44.78
20081127	12440000			44.78
20081127	12450000			44.77
20081127	12460000			44.77
20081127	12470000			44.78
20081127	12480000			44.76
20081127	12490000			44.76
20081127	12500000			44.72
20081127	12510000			44.68
20081127	12520000			44.74
20081127	12530000			44.72
20081127	12540000			44.63
20081127	12550000			44.55
20081127	12560000			44.50
20081127	12570000			44.44
20081127	12580000			44.42
20081127	12590000			44.49
20081127	13000000			44.49
20081127	13010000			44.51
20081127	13020000			44.57
20081127	13030000			44.62
20081127	13040000			44.62
20081127	13050000			44.65
20081127	13060000			44.70
20081127	13070000			44.74
20081127	13080000			44.71
20081127	13090000			44.78
20081127	13100000			44.82
20081127	13110000			44.89
20081127	13120000			44.88
20081127	13130000			44.88
20081127	13140000			44.87
20081127	13150000			44.89
20081127	13160000			45.00
20081127	13170000			45.06
20081127	13180000			45.10
20081127	13190000			45.09
20081127	13200000			45.10
20081127	13210000			45.07
20081127	13220000			45.06
20081127	13230000			45.06
20081127	13240000			45.02
20081127	13250000			45.00
20081127	13260000			45.04
20081127	13270000			45.00
20081127	13280000			44.94
20081127	13290000			44.94
20081127	13300000			44.88
20081127	13310000			44.84
20081127	13320000			44.94
20081127	13330000			44.84
20081127	13340000			44.80
20081127	13350000			44.82
20081127	13360000			44.74
20081127	13370000			44.69
20081127	13380000			44.67
20081127	13390000			44.63
20081127	13400000			44.60
20081127	13410000			44.56
20081127	13420000			44.51
20081127	13430000			44.52
20081127	13440000			44.55
20081127	13450000			44.46
