交易日期	時間(時/分/秒/毫秒)	臺指選擇權波動率指數
--------	-------------------	--------------------
20081110	8460000			57.14
20081110	8470000			56.88
20081110	8480000			57.26
20081110	8490000			56.92
20081110	8500000			56.75
20081110	8510000			56.63
20081110	8520000			56.66
20081110	8530000			57.18
20081110	8540000			56.97
20081110	8550000			56.74
20081110	8560000			57.04
20081110	8570000			57.12
20081110	8580000			57.15
20081110	8590000			57.11
20081110	9000000			57.06
20081110	9010000			57.06
20081110	9020000			58.27
20081110	9030000			57.81
20081110	9040000			59.43
20081110	9050000			58.16
20081110	9060000			58.78
20081110	9070000			58.56
20081110	9080000			58.26
20081110	9090000			59.24
20081110	9100000			57.59
20081110	9110000			57.99
20081110	9120000			58.08
20081110	9130000			57.61
20081110	9140000			57.68
20081110	9150000			57.66
20081110	9160000			57.58
20081110	9170000			57.58
20081110	9180000			57.47
20081110	9190000			57.59
20081110	9200000			57.74
20081110	9210000			57.78
20081110	9220000			57.69
20081110	9230000			57.78
20081110	9240000			57.75
20081110	9250000			57.45
20081110	9260000			57.60
20081110	9270000			57.55
20081110	9280000			57.58
20081110	9290000			57.61
20081110	9300000			57.37
20081110	9310000			57.71
20081110	9320000			57.46
20081110	9330000			57.63
20081110	9340000			57.50
20081110	9350000			57.79
20081110	9360000			57.74
20081110	9370000			57.63
20081110	9380000			58.06
20081110	9390000			57.85
20081110	9400000			58.78
20081110	9410000			57.45
20081110	9420000			57.35
20081110	9430000			57.07
20081110	9440000			57.09
20081110	9450000			57.15
20081110	9460000			57.16
20081110	9470000			57.25
20081110	9480000			57.23
20081110	9490000			57.48
20081110	9500000			57.39
20081110	9510000			57.45
20081110	9520000			57.26
20081110	9530000			57.26
20081110	9540000			57.24
20081110	9550000			57.51
20081110	9560000			57.31
20081110	9570000			57.26
20081110	9580000			56.59
20081110	9590000			56.58
20081110	10000000			56.52
20081110	10010000			56.58
20081110	10020000			56.54
20081110	10030000			56.53
20081110	10040000			56.57
20081110	10050000			56.53
20081110	10060000			56.56
20081110	10070000			56.56
20081110	10080000			56.59
20081110	10090000			56.60
20081110	10100000			56.59
20081110	10110000			56.53
20081110	10120000			56.46
20081110	10130000			56.47
20081110	10140000			56.53
20081110	10150000			56.68
20081110	10160000			56.70
20081110	10170000			56.75
20081110	10180000			57.02
20081110	10190000			56.84
20081110	10200000			57.06
20081110	10210000			56.71
20081110	10220000			57.15
20081110	10230000			56.94
20081110	10240000			57.11
20081110	10250000			56.95
20081110	10260000			56.86
20081110	10270000			57.05
20081110	10280000			56.76
20081110	10290000			56.93
20081110	10300000			56.94
20081110	10310000			57.04
20081110	10320000			56.93
20081110	10330000			56.93
20081110	10340000			57.48
20081110	10350000			57.33
20081110	10360000			57.32
20081110	10370000			57.18
20081110	10380000			57.12
20081110	10390000			57.42
20081110	10400000			57.17
20081110	10410000			57.15
20081110	10420000			57.74
20081110	10430000			57.48
20081110	10440000			57.42
20081110	10450000			57.32
20081110	10460000			56.98
20081110	10470000			56.94
20081110	10480000			56.99
20081110	10490000			56.99
20081110	10500000			57.00
20081110	10510000			56.89
20081110	10520000			56.98
20081110	10530000			57.01
20081110	10540000			57.66
20081110	10550000			57.48
20081110	10560000			57.31
20081110	10570000			57.31
20081110	10580000			57.08
20081110	10590000			57.29
20081110	11000000			57.07
20081110	11010000			57.24
20081110	11020000			57.66
20081110	11030000			57.63
20081110	11040000			57.29
20081110	11050000			57.54
20081110	11060000			57.51
20081110	11070000			57.54
20081110	11080000			57.55
20081110	11090000			57.67
20081110	11100000			57.54
20081110	11110000			57.44
20081110	11120000			57.57
20081110	11130000			57.61
20081110	11140000			57.59
20081110	11150000			57.47
20081110	11160000			57.57
20081110	11170000			57.56
20081110	11180000			57.55
20081110	11190000			57.47
20081110	11200000			57.41
20081110	11210000			57.59
20081110	11220000			57.63
20081110	11230000			57.68
20081110	11240000			57.60
20081110	11250000			57.70
20081110	11260000			57.66
20081110	11270000			57.80
20081110	11280000			58.50
20081110	11290000			58.18
20081110	11300000			57.91
20081110	11310000			57.43
20081110	11320000			57.74
20081110	11330000			57.64
20081110	11340000			57.96
20081110	11350000			57.73
20081110	11360000			57.65
20081110	11370000			57.66
20081110	11380000			57.51
20081110	11390000			57.51
20081110	11400000			57.60
20081110	11410000			57.65
20081110	11420000			57.46
20081110	11430000			57.45
20081110	11440000			57.50
20081110	11450000			57.46
20081110	11460000			57.55
20081110	11470000			57.69
20081110	11480000			57.84
20081110	11490000			57.89
20081110	11500000			57.75
20081110	11510000			57.89
20081110	11520000			57.61
20081110	11530000			57.84
20081110	11540000			57.27
20081110	11550000			57.21
20081110	11560000			57.55
20081110	11570000			57.75
20081110	11580000			57.53
20081110	11590000			57.47
20081110	12000000			57.69
20081110	12010000			57.61
20081110	12020000			57.52
20081110	12030000			57.76
20081110	12040000			57.51
20081110	12050000			57.48
20081110	12060000			57.23
20081110	12070000			57.24
20081110	12080000			57.16
20081110	12090000			57.37
20081110	12100000			57.18
20081110	12110000			57.14
20081110	12120000			57.19
20081110	12130000			57.15
20081110	12140000			57.13
20081110	12150000			57.08
20081110	12160000			57.16
20081110	12170000			57.25
20081110	12180000			57.22
20081110	12190000			57.18
20081110	12200000			57.12
20081110	12210000			57.27
20081110	12220000			57.13
20081110	12230000			57.07
20081110	12240000			57.16
20081110	12250000			57.14
20081110	12260000			57.22
20081110	12270000			57.25
20081110	12280000			57.12
20081110	12290000			57.62
20081110	12300000			57.22
20081110	12310000			57.11
20081110	12320000			57.33
20081110	12330000			57.35
20081110	12340000			57.42
20081110	12350000			57.48
20081110	12360000			57.40
20081110	12370000			57.32
20081110	12380000			57.16
20081110	12390000			57.30
20081110	12400000			57.26
20081110	12410000			57.29
20081110	12420000			57.37
20081110	12430000			57.40
20081110	12440000			57.22
20081110	12450000			57.12
20081110	12460000			57.17
20081110	12470000			57.18
20081110	12480000			57.27
20081110	12490000			57.28
20081110	12500000			57.42
20081110	12510000			57.30
20081110	12520000			57.22
20081110	12530000			57.31
20081110	12540000			57.23
20081110	12550000			57.23
20081110	12560000			57.21
20081110	12570000			57.06
20081110	12580000			57.12
20081110	12590000			57.17
20081110	13000000			57.17
20081110	13010000			57.17
20081110	13020000			57.22
20081110	13030000			57.39
20081110	13040000			57.16
20081110	13050000			57.17
20081110	13060000			56.89
20081110	13070000			57.15
20081110	13080000			57.14
20081110	13090000			57.12
20081110	13100000			57.08
20081110	13110000			57.18
20081110	13120000			57.20
20081110	13130000			57.24
20081110	13140000			57.19
20081110	13150000			57.15
20081110	13160000			57.08
20081110	13170000			57.25
20081110	13180000			57.07
20081110	13190000			57.03
20081110	13200000			57.22
20081110	13210000			57.19
20081110	13220000			57.08
20081110	13230000			57.12
20081110	13240000			57.08
20081110	13250000			57.09
20081110	13260000			57.12
20081110	13270000			57.07
20081110	13280000			57.12
20081110	13290000			57.10
20081110	13300000			57.25
20081110	13310000			57.03
20081110	13320000			56.98
20081110	13330000			57.04
20081110	13340000			56.96
20081110	13350000			56.86
20081110	13360000			56.89
20081110	13370000			56.91
20081110	13380000			56.89
20081110	13390000			56.83
20081110	13400000			56.82
20081110	13410000			56.69
20081110	13420000			56.64
20081110	13430000			56.81
20081110	13440000			56.61
20081110	13450000			56.79
