交易日期	時間(時/分/秒/毫秒)	臺指選擇權波動率指數
--------	-------------------	--------------------
20081111	8460000			57.50
20081111	8470000			56.98
20081111	8480000			57.05
20081111	8490000			57.05
20081111	8500000			57.00
20081111	8510000			56.32
20081111	8520000			56.64
20081111	8530000			56.51
20081111	8540000			56.63
20081111	8550000			56.62
20081111	8560000			56.58
20081111	8570000			56.55
20081111	8580000			56.39
20081111	8590000			56.37
20081111	9000000			56.39
20081111	9010000			56.35
20081111	9020000			56.31
20081111	9030000			56.28
20081111	9040000			56.10
20081111	9050000			56.20
20081111	9060000			56.14
20081111	9070000			56.19
20081111	9080000			56.25
20081111	9090000			56.11
20081111	9100000			56.19
20081111	9110000			56.20
20081111	9120000			56.16
20081111	9130000			56.24
20081111	9140000			56.19
20081111	9150000			56.38
20081111	9160000			56.20
20081111	9170000			56.32
20081111	9180000			56.44
20081111	9190000			56.31
20081111	9200000			56.38
20081111	9210000			56.39
20081111	9220000			56.36
20081111	9230000			56.34
20081111	9240000			56.19
20081111	9250000			56.41
20081111	9260000			56.24
20081111	9270000			56.33
20081111	9280000			56.51
20081111	9290000			56.31
20081111	9300000			56.21
20081111	9310000			56.20
20081111	9320000			56.20
20081111	9330000			56.23
20081111	9340000			56.23
20081111	9350000			56.17
20081111	9360000			56.25
20081111	9370000			56.36
20081111	9380000			56.23
20081111	9390000			56.22
20081111	9400000			56.30
20081111	9410000			56.19
20081111	9420000			56.19
20081111	9430000			56.20
20081111	9440000			56.19
20081111	9450000			56.05
20081111	9460000			55.97
20081111	9470000			55.94
20081111	9480000			55.94
20081111	9490000			55.85
20081111	9500000			55.93
20081111	9510000			55.85
20081111	9520000			55.87
20081111	9530000			55.76
20081111	9540000			55.78
20081111	9550000			55.70
20081111	9560000			55.73
20081111	9570000			55.74
20081111	9580000			55.60
20081111	9590000			55.47
20081111	10000000			55.47
20081111	10010000			55.40
20081111	10020000			55.40
20081111	10030000			55.35
20081111	10040000			55.34
20081111	10050000			55.27
20081111	10060000			55.29
20081111	10070000			55.25
20081111	10080000			55.17
20081111	10090000			55.09
20081111	10100000			55.22
20081111	10110000			55.20
20081111	10120000			55.21
20081111	10130000			55.22
20081111	10140000			55.23
20081111	10150000			55.16
20081111	10160000			55.04
20081111	10170000			55.06
20081111	10180000			55.03
20081111	10190000			54.97
20081111	10200000			55.00
20081111	10210000			55.00
20081111	10220000			54.99
20081111	10230000			54.99
20081111	10240000			54.91
20081111	10250000			54.92
20081111	10260000			54.87
20081111	10270000			54.84
20081111	10280000			54.85
20081111	10290000			54.77
20081111	10300000			54.86
20081111	10310000			54.95
20081111	10320000			55.01
20081111	10330000			54.98
20081111	10340000			54.99
20081111	10350000			54.99
20081111	10360000			55.00
20081111	10370000			54.92
20081111	10380000			54.95
20081111	10390000			54.89
20081111	10400000			54.84
20081111	10410000			54.82
20081111	10420000			54.96
20081111	10430000			54.82
20081111	10440000			54.73
20081111	10450000			54.77
20081111	10460000			54.69
20081111	10470000			54.71
20081111	10480000			54.72
20081111	10490000			54.68
20081111	10500000			54.60
20081111	10510000			54.56
20081111	10520000			54.66
20081111	10530000			54.61
20081111	10540000			54.44
20081111	10550000			54.43
20081111	10560000			54.34
20081111	10570000			54.33
20081111	10580000			54.29
20081111	10590000			54.29
20081111	11000000			54.39
20081111	11010000			54.34
20081111	11020000			54.32
20081111	11030000			54.28
20081111	11040000			54.24
20081111	11050000			54.27
20081111	11060000			54.29
20081111	11070000			54.33
20081111	11080000			54.28
20081111	11090000			54.32
20081111	11100000			54.31
20081111	11110000			54.37
20081111	11120000			54.35
20081111	11130000			54.36
20081111	11140000			54.33
20081111	11150000			54.35
20081111	11160000			54.27
20081111	11170000			54.24
20081111	11180000			54.29
20081111	11190000			54.23
20081111	11200000			54.29
20081111	11210000			54.29
20081111	11220000			54.34
20081111	11230000			54.35
20081111	11240000			54.32
20081111	11250000			54.28
20081111	11260000			54.32
20081111	11270000			54.24
20081111	11280000			54.16
20081111	11290000			54.13
20081111	11300000			54.14
20081111	11310000			54.19
20081111	11320000			54.15
20081111	11330000			54.23
20081111	11340000			54.29
20081111	11350000			54.33
20081111	11360000			54.33
20081111	11370000			54.35
20081111	11380000			54.30
20081111	11390000			54.32
20081111	11400000			54.31
20081111	11410000			54.31
20081111	11420000			54.33
20081111	11430000			54.38
20081111	11440000			54.39
20081111	11450000			54.34
20081111	11460000			54.40
20081111	11470000			54.48
20081111	11480000			54.45
20081111	11490000			54.49
20081111	11500000			54.46
20081111	11510000			54.49
20081111	11520000			54.43
20081111	11530000			54.34
20081111	11540000			54.39
20081111	11550000			54.28
20081111	11560000			54.22
20081111	11570000			54.33
20081111	11580000			54.39
20081111	11590000			54.48
20081111	12000000			54.47
20081111	12010000			54.62
20081111	12020000			54.38
20081111	12030000			54.27
20081111	12040000			54.22
20081111	12050000			54.28
20081111	12060000			54.16
20081111	12070000			54.33
20081111	12080000			54.22
20081111	12090000			54.30
20081111	12100000			54.27
20081111	12110000			54.32
20081111	12120000			54.36
20081111	12130000			54.37
20081111	12140000			54.37
20081111	12150000			54.30
20081111	12160000			54.35
20081111	12170000			54.36
20081111	12180000			54.34
20081111	12190000			54.34
20081111	12200000			54.39
20081111	12210000			54.34
20081111	12220000			54.40
20081111	12230000			54.33
20081111	12240000			54.28
20081111	12250000			54.33
20081111	12260000			54.31
20081111	12270000			54.30
20081111	12280000			54.35
20081111	12290000			54.34
20081111	12300000			54.35
20081111	12310000			54.42
20081111	12320000			54.46
20081111	12330000			54.43
20081111	12340000			54.39
20081111	12350000			54.37
20081111	12360000			54.39
20081111	12370000			54.38
20081111	12380000			54.41
20081111	12390000			54.45
20081111	12400000			54.52
20081111	12410000			54.51
20081111	12420000			54.52
20081111	12430000			54.56
20081111	12440000			54.56
20081111	12450000			54.68
20081111	12460000			54.61
20081111	12470000			54.69
20081111	12480000			54.52
20081111	12490000			54.56
20081111	12500000			54.64
20081111	12510000			54.67
20081111	12520000			54.59
20081111	12530000			54.78
20081111	12540000			54.80
20081111	12550000			54.68
20081111	12560000			54.68
20081111	12570000			54.69
20081111	12580000			54.58
20081111	12590000			54.55
20081111	13000000			54.59
20081111	13010000			54.57
20081111	13020000			54.50
20081111	13030000			54.71
20081111	13040000			54.76
20081111	13050000			54.66
20081111	13060000			54.62
20081111	13070000			54.73
20081111	13080000			54.74
20081111	13090000			54.65
20081111	13100000			54.72
20081111	13110000			54.76
20081111	13120000			54.91
20081111	13130000			54.75
20081111	13140000			54.85
20081111	13150000			54.71
20081111	13160000			54.87
20081111	13170000			54.79
20081111	13180000			54.69
20081111	13190000			54.93
20081111	13200000			54.83
20081111	13210000			54.87
20081111	13220000			54.75
20081111	13230000			54.72
20081111	13240000			54.80
20081111	13250000			54.65
20081111	13260000			54.68
20081111	13270000			54.68
20081111	13280000			54.69
20081111	13290000			54.65
20081111	13300000			54.62
20081111	13310000			54.83
20081111	13320000			54.66
20081111	13330000			54.78
20081111	13340000			54.80
20081111	13350000			54.70
20081111	13360000			54.66
20081111	13370000			54.59
20081111	13380000			54.58
20081111	13390000			54.70
20081111	13400000			54.87
20081111	13410000			54.88
20081111	13420000			54.81
20081111	13430000			54.76
20081111	13440000			54.75
20081111	13450000			54.70
