交易日期	時間(時/分/秒/毫秒)	臺指選擇權波動率指數
--------	-------------------	--------------------
20081113	8460000			54.28
20081113	8470000			54.07
20081113	8480000			54.03
20081113	8490000			54.24
20081113	8500000			54.30
20081113	8510000			54.23
20081113	8520000			54.03
20081113	8530000			53.95
20081113	8540000			54.64
20081113	8550000			54.69
20081113	8560000			54.54
20081113	8570000			54.57
20081113	8580000			54.62
20081113	8590000			54.65
20081113	9000000			54.65
20081113	9010000			54.74
20081113	9020000			54.66
20081113	9030000			54.81
20081113	9040000			54.80
20081113	9050000			54.95
20081113	9060000			54.77
20081113	9070000			54.82
20081113	9080000			54.71
20081113	9090000			54.83
20081113	9100000			54.82
20081113	9110000			54.84
20081113	9120000			54.66
20081113	9130000			54.70
20081113	9140000			54.73
20081113	9150000			54.65
20081113	9160000			54.28
20081113	9170000			54.27
20081113	9180000			54.34
20081113	9190000			54.34
20081113	9200000			54.49
20081113	9210000			54.66
20081113	9220000			54.70
20081113	9230000			54.64
20081113	9240000			54.76
20081113	9250000			54.75
20081113	9260000			54.77
20081113	9270000			54.77
20081113	9280000			54.77
20081113	9290000			54.98
20081113	9300000			54.98
20081113	9310000			54.91
20081113	9320000			54.96
20081113	9330000			55.00
20081113	9340000			54.76
20081113	9350000			54.60
20081113	9360000			54.65
20081113	9370000			54.70
20081113	9380000			54.68
20081113	9390000			54.63
20081113	9400000			54.57
20081113	9410000			54.74
20081113	9420000			54.76
20081113	9430000			54.69
20081113	9440000			54.64
20081113	9450000			54.61
20081113	9460000			54.49
20081113	9470000			54.46
20081113	9480000			54.48
20081113	9490000			54.48
20081113	9500000			54.34
20081113	9510000			54.34
20081113	9520000			54.47
20081113	9530000			54.51
20081113	9540000			54.51
20081113	9550000			54.46
20081113	9560000			54.43
20081113	9570000			54.33
20081113	9580000			54.41
20081113	9590000			54.48
20081113	10000000			54.58
20081113	10010000			54.56
20081113	10020000			54.54
20081113	10030000			54.47
20081113	10040000			54.41
20081113	10050000			54.34
20081113	10060000			54.29
20081113	10070000			54.31
20081113	10080000			54.38
20081113	10090000			54.41
20081113	10100000			54.48
20081113	10110000			54.41
20081113	10120000			54.36
20081113	10130000			54.42
20081113	10140000			54.41
20081113	10150000			54.41
20081113	10160000			54.34
20081113	10170000			54.49
20081113	10180000			54.54
20081113	10190000			54.51
20081113	10200000			54.57
20081113	10210000			54.58
20081113	10220000			54.62
20081113	10230000			54.80
20081113	10240000			54.91
20081113	10250000			54.85
20081113	10260000			54.71
20081113	10270000			54.71
20081113	10280000			54.67
20081113	10290000			54.65
20081113	10300000			54.75
20081113	10310000			54.95
20081113	10320000			54.94
20081113	10330000			54.81
20081113	10340000			54.61
20081113	10350000			54.59
20081113	10360000			54.54
20081113	10370000			54.65
20081113	10380000			54.50
20081113	10390000			54.50
20081113	10400000			54.59
20081113	10410000			54.67
20081113	10420000			54.63
20081113	10430000			54.54
20081113	10440000			55.03
20081113	10450000			54.77
20081113	10460000			54.97
20081113	10470000			54.91
20081113	10480000			54.86
20081113	10490000			54.25
20081113	10500000			54.31
20081113	10510000			54.16
20081113	10520000			54.13
20081113	10530000			54.17
20081113	10540000			54.28
20081113	10550000			54.31
20081113	10560000			54.42
20081113	10570000			54.43
20081113	10580000			54.44
20081113	10590000			54.28
20081113	11000000			54.41
20081113	11010000			54.40
20081113	11020000			54.41
20081113	11030000			54.33
20081113	11040000			54.31
20081113	11050000			54.33
20081113	11060000			54.28
20081113	11070000			54.35
20081113	11080000			54.35
20081113	11090000			54.27
20081113	11100000			54.07
20081113	11110000			54.15
20081113	11120000			54.19
20081113	11130000			54.17
20081113	11140000			54.16
20081113	11150000			54.35
20081113	11160000			54.54
20081113	11170000			54.65
20081113	11180000			54.60
20081113	11190000			54.65
20081113	11200000			54.69
20081113	11210000			54.57
20081113	11220000			54.80
20081113	11230000			54.76
20081113	11240000			54.84
20081113	11250000			54.90
20081113	11260000			54.81
20081113	11270000			54.80
20081113	11280000			54.83
20081113	11290000			54.83
20081113	11300000			54.86
20081113	11310000			54.94
20081113	11320000			54.88
20081113	11330000			54.82
20081113	11340000			54.89
20081113	11350000			55.15
20081113	11360000			55.10
20081113	11370000			55.01
20081113	11380000			55.00
20081113	11390000			55.00
20081113	11400000			54.97
20081113	11410000			54.96
20081113	11420000			54.92
20081113	11430000			54.84
20081113	11440000			54.86
20081113	11450000			54.83
20081113	11460000			54.79
20081113	11470000			54.76
20081113	11480000			54.71
20081113	11490000			54.68
20081113	11500000			54.66
20081113	11510000			54.70
20081113	11520000			54.66
20081113	11530000			54.71
20081113	11540000			54.72
20081113	11550000			54.93
20081113	11560000			54.74
20081113	11570000			54.71
20081113	11580000			54.75
20081113	11590000			54.72
20081113	12000000			54.60
20081113	12010000			54.91
20081113	12020000			54.93
20081113	12030000			54.48
20081113	12040000			54.76
20081113	12050000			54.75
20081113	12060000			54.43
20081113	12070000			54.48
20081113	12080000			54.49
20081113	12090000			54.56
20081113	12100000			54.47
20081113	12110000			54.69
20081113	12120000			54.60
20081113	12130000			54.56
20081113	12140000			54.71
20081113	12150000			54.78
20081113	12160000			54.63
20081113	12170000			54.74
20081113	12180000			54.73
20081113	12190000			54.75
20081113	12200000			54.73
20081113	12210000			54.71
20081113	12220000			54.65
20081113	12230000			54.53
20081113	12240000			54.72
20081113	12250000			54.98
20081113	12260000			54.95
20081113	12270000			54.86
20081113	12280000			54.61
20081113	12290000			54.57
20081113	12300000			54.55
20081113	12310000			54.68
20081113	12320000			54.60
20081113	12330000			54.54
20081113	12340000			54.53
20081113	12350000			54.45
20081113	12360000			54.46
20081113	12370000			54.73
20081113	12380000			54.80
20081113	12390000			54.73
20081113	12400000			54.53
20081113	12410000			54.58
20081113	12420000			54.43
20081113	12430000			54.45
20081113	12440000			54.41
20081113	12450000			54.30
20081113	12460000			54.84
20081113	12470000			54.84
20081113	12480000			54.63
20081113	12490000			54.72
20081113	12500000			54.88
20081113	12510000			54.86
20081113	12520000			54.63
20081113	12530000			54.62
20081113	12540000			54.62
20081113	12550000			54.56
20081113	12560000			54.72
20081113	12570000			54.72
20081113	12580000			54.74
20081113	12590000			54.76
20081113	13000000			55.34
20081113	13010000			54.53
20081113	13020000			54.65
20081113	13030000			54.61
20081113	13040000			54.64
20081113	13050000			54.59
20081113	13060000			54.79
20081113	13070000			54.64
20081113	13080000			54.66
20081113	13090000			54.98
20081113	13100000			54.87
20081113	13110000			54.92
20081113	13120000			54.93
20081113	13130000			54.97
20081113	13140000			55.07
20081113	13150000			55.13
20081113	13160000			55.14
20081113	13170000			55.04
20081113	13180000			54.99
20081113	13190000			55.19
20081113	13200000			55.00
20081113	13210000			55.04
20081113	13220000			55.07
20081113	13230000			55.10
20081113	13240000			55.23
20081113	13250000			55.22
20081113	13260000			55.07
20081113	13270000			55.04
20081113	13280000			55.04
20081113	13290000			55.08
20081113	13300000			55.18
20081113	13310000			55.10
20081113	13320000			55.22
20081113	13330000			55.16
20081113	13340000			55.11
20081113	13350000			55.32
20081113	13360000			55.47
20081113	13370000			55.30
20081113	13380000			55.37
20081113	13390000			55.33
20081113	13400000			55.30
20081113	13410000			55.33
20081113	13420000			55.32
20081113	13430000			55.30
20081113	13440000			55.33
20081113	13450000			55.20
