交易日期	時間(時/分/秒/毫秒)	臺指選擇權波動率指數
--------	-------------------	--------------------
20081124	8460000			55.76
20081124	8470000			55.80
20081124	8480000			55.82
20081124	8490000			55.81
20081124	8500000			55.88
20081124	8510000			56.05
20081124	8520000			55.93
20081124	8530000			55.94
20081124	8540000			55.90
20081124	8550000			56.14
20081124	8560000			56.11
20081124	8570000			56.09
20081124	8580000			56.05
20081124	8590000			56.01
20081124	9000000			56.07
20081124	9010000			55.80
20081124	9020000			55.81
20081124	9030000			55.74
20081124	9040000			55.82
20081124	9050000			55.72
20081124	9060000			55.69
20081124	9070000			55.68
20081124	9080000			55.74
20081124	9090000			55.75
20081124	9100000			55.81
20081124	9110000			55.88
20081124	9120000			55.76
20081124	9130000			55.75
20081124	9140000			55.70
20081124	9150000			55.51
20081124	9160000			55.42
20081124	9170000			55.60
20081124	9180000			55.55
20081124	9190000			55.52
20081124	9200000			55.55
20081124	9210000			55.37
20081124	9220000			55.29
20081124	9230000			55.40
20081124	9240000			55.45
20081124	9250000			55.38
20081124	9260000			55.25
20081124	9270000			55.09
20081124	9280000			55.04
20081124	9290000			55.10
20081124	9300000			55.07
20081124	9310000			54.95
20081124	9320000			54.90
20081124	9330000			54.93
20081124	9340000			54.83
20081124	9350000			54.79
20081124	9360000			54.82
20081124	9370000			54.90
20081124	9380000			54.86
20081124	9390000			54.88
20081124	9400000			54.81
20081124	9410000			54.88
20081124	9420000			54.90
20081124	9430000			54.81
20081124	9440000			54.85
20081124	9450000			54.84
20081124	9460000			54.76
20081124	9470000			54.77
20081124	9480000			54.72
20081124	9490000			54.78
20081124	9500000			54.59
20081124	9510000			54.57
20081124	9520000			54.52
20081124	9530000			54.52
20081124	9540000			54.48
20081124	9550000			54.48
20081124	9560000			54.44
20081124	9570000			54.31
20081124	9580000			54.31
20081124	9590000			54.32
20081124	10000000			54.43
20081124	10010000			54.39
20081124	10020000			54.40
20081124	10030000			54.43
20081124	10040000			54.31
20081124	10050000			54.40
20081124	10060000			54.40
20081124	10070000			54.44
20081124	10080000			54.40
20081124	10090000			54.46
20081124	10100000			54.43
20081124	10110000			54.30
20081124	10120000			54.12
20081124	10130000			54.17
20081124	10140000			54.24
20081124	10150000			54.19
20081124	10160000			54.29
20081124	10170000			54.28
20081124	10180000			54.31
20081124	10190000			54.37
20081124	10200000			54.32
20081124	10210000			54.35
20081124	10220000			54.27
20081124	10230000			54.25
20081124	10240000			54.28
20081124	10250000			54.25
20081124	10260000			54.39
20081124	10270000			54.54
20081124	10280000			54.47
20081124	10290000			54.41
20081124	10300000			54.39
20081124	10310000			54.38
20081124	10320000			54.26
20081124	10330000			54.32
20081124	10340000			54.36
20081124	10350000			54.37
20081124	10360000			54.31
20081124	10370000			54.30
20081124	10380000			54.33
20081124	10390000			54.34
20081124	10400000			54.40
20081124	10410000			54.38
20081124	10420000			54.40
20081124	10430000			54.35
20081124	10440000			54.33
20081124	10450000			54.33
20081124	10460000			54.25
20081124	10470000			54.24
20081124	10480000			54.24
20081124	10490000			54.19
20081124	10500000			54.15
20081124	10510000			54.11
20081124	10520000			54.10
20081124	10530000			54.05
20081124	10540000			53.95
20081124	10550000			53.89
20081124	10560000			53.81
20081124	10570000			53.70
20081124	10580000			53.68
20081124	10590000			53.66
20081124	11000000			53.61
20081124	11010000			53.58
20081124	11020000			53.57
20081124	11030000			53.53
20081124	11040000			53.52
20081124	11050000			53.44
20081124	11060000			53.37
20081124	11070000			53.34
20081124	11080000			53.24
20081124	11090000			53.25
20081124	11100000			53.27
20081124	11110000			53.09
20081124	11120000			53.02
20081124	11130000			53.03
20081124	11140000			53.03
20081124	11150000			53.07
20081124	11160000			53.10
20081124	11170000			53.03
20081124	11180000			52.99
20081124	11190000			52.90
20081124	11200000			52.85
20081124	11210000			52.87
20081124	11220000			52.93
20081124	11230000			52.85
20081124	11240000			52.88
20081124	11250000			52.85
20081124	11260000			52.89
20081124	11270000			52.91
20081124	11280000			52.88
20081124	11290000			52.88
20081124	11300000			52.95
20081124	11310000			52.97
20081124	11320000			52.97
20081124	11330000			52.95
20081124	11340000			52.91
20081124	11350000			52.89
20081124	11360000			52.88
20081124	11370000			52.94
20081124	11380000			52.87
20081124	11390000			52.88
20081124	11400000			52.88
20081124	11410000			52.89
20081124	11420000			52.85
20081124	11430000			52.84
20081124	11440000			52.78
20081124	11450000			52.82
20081124	11460000			52.77
20081124	11470000			52.78
20081124	11480000			52.86
20081124	11490000			53.07
20081124	11500000			53.14
20081124	11510000			53.17
20081124	11520000			53.14
20081124	11530000			53.17
20081124	11540000			53.07
20081124	11550000			53.13
20081124	11560000			53.22
20081124	11570000			53.21
20081124	11580000			53.31
20081124	11590000			53.35
20081124	12000000			53.43
20081124	12010000			53.44
20081124	12020000			53.46
20081124	12030000			53.38
20081124	12040000			53.44
20081124	12050000			53.51
20081124	12060000			53.44
20081124	12070000			53.54
20081124	12080000			53.52
20081124	12090000			53.57
20081124	12100000			53.46
20081124	12110000			53.54
20081124	12120000			53.54
20081124	12130000			53.54
20081124	12140000			53.48
20081124	12150000			53.43
20081124	12160000			53.43
20081124	12170000			53.48
20081124	12180000			53.47
20081124	12190000			53.50
20081124	12200000			53.37
20081124	12210000			53.52
20081124	12220000			53.51
20081124	12230000			53.55
20081124	12240000			53.56
20081124	12250000			53.48
20081124	12260000			53.42
20081124	12270000			53.40
20081124	12280000			53.37
20081124	12290000			53.35
20081124	12300000			53.36
20081124	12310000			53.35
20081124	12320000			53.40
20081124	12330000			53.40
20081124	12340000			53.39
20081124	12350000			53.37
20081124	12360000			53.29
20081124	12370000			53.31
20081124	12380000			53.35
20081124	12390000			53.46
20081124	12400000			53.46
20081124	12410000			53.49
20081124	12420000			53.47
20081124	12430000			53.47
20081124	12440000			53.44
20081124	12450000			53.45
20081124	12460000			53.61
20081124	12470000			53.55
20081124	12480000			53.56
20081124	12490000			53.41
20081124	12500000			53.37
20081124	12510000			53.36
20081124	12520000			53.40
20081124	12530000			53.45
20081124	12540000			53.43
20081124	12550000			53.43
20081124	12560000			53.42
20081124	12570000			53.44
20081124	12580000			53.43
20081124	12590000			53.39
20081124	13000000			53.34
20081124	13010000			53.38
20081124	13020000			53.39
20081124	13030000			53.35
20081124	13040000			53.30
20081124	13050000			53.23
20081124	13060000			53.19
20081124	13070000			53.23
20081124	13080000			53.21
20081124	13090000			53.17
20081124	13100000			53.15
20081124	13110000			53.12
20081124	13120000			53.09
20081124	13130000			53.11
20081124	13140000			53.17
20081124	13150000			53.22
20081124	13160000			53.23
20081124	13170000			53.20
20081124	13180000			53.22
20081124	13190000			53.22
20081124	13200000			53.15
20081124	13210000			53.18
20081124	13220000			53.17
20081124	13230000			53.14
20081124	13240000			53.13
20081124	13250000			53.14
20081124	13260000			53.14
20081124	13270000			53.20
20081124	13280000			53.24
20081124	13290000			53.27
20081124	13300000			53.31
20081124	13310000			53.35
20081124	13320000			53.31
20081124	13330000			53.35
20081124	13340000			53.35
20081124	13350000			53.37
20081124	13360000			53.34
20081124	13370000			53.31
20081124	13380000			53.27
20081124	13390000			53.28
20081124	13400000			53.28
20081124	13410000			53.30
20081124	13420000			53.34
20081124	13430000			53.29
20081124	13440000			53.24
20081124	13450000			53.24
