交易日期	時間(時/分/秒/毫秒)	臺指選擇權波動率指數
--------	-------------------	--------------------
20081114	8460000			55.71
20081114	8470100			55.68
20081114	8480100			55.94
20081114	8490100			56.01
20081114	8500100			56.15
20081114	8510100			55.80
20081114	8520000			55.62
20081114	8530000			55.48
20081114	8540000			55.57
20081114	8550000			55.65
20081114	8560000			55.70
20081114	8570000			55.42
20081114	8580000			55.50
20081114	8590000			55.43
20081114	9000000			55.40
20081114	9010000			55.40
20081114	9020000			55.26
20081114	9030000			55.12
20081114	9040000			55.06
20081114	9050000			55.05
20081114	9060000			55.03
20081114	9070000			55.00
20081114	9080000			55.02
20081114	9090000			55.16
20081114	9100000			54.99
20081114	9110000			54.98
20081114	9120000			55.04
20081114	9130000			55.10
20081114	9140000			55.10
20081114	9150000			55.26
20081114	9160000			55.21
20081114	9170000			55.22
20081114	9180000			55.18
20081114	9190000			55.21
20081114	9200000			55.14
20081114	9210000			55.14
20081114	9220000			55.02
20081114	9230000			54.96
20081114	9240000			54.97
20081114	9250000			54.94
20081114	9260000			54.94
20081114	9270000			54.82
20081114	9280000			54.98
20081114	9290000			55.00
20081114	9300000			55.04
20081114	9310000			55.02
20081114	9320000			55.00
20081114	9330000			55.05
20081114	9340000			55.06
20081114	9350000			55.03
20081114	9360000			55.01
20081114	9370000			55.13
20081114	9380000			55.06
20081114	9390000			55.09
20081114	9400000			54.95
20081114	9410000			54.88
20081114	9420000			54.91
20081114	9430000			54.92
20081114	9440000			54.96
20081114	9450000			54.95
20081114	9460000			54.99
20081114	9470000			54.94
20081114	9480000			54.96
20081114	9490000			54.90
20081114	9500000			55.01
20081114	9510000			55.04
20081114	9520000			55.07
20081114	9530000			55.04
20081114	9540000			55.04
20081114	9550000			55.02
20081114	9560000			55.07
20081114	9570000			55.06
20081114	9580000			55.07
20081114	9590000			55.14
20081114	10000000			55.07
20081114	10010000			55.04
20081114	10020000			55.02
20081114	10030000			54.96
20081114	10040000			55.01
20081114	10050000			55.01
20081114	10060000			55.03
20081114	10070000			55.03
20081114	10080000			55.05
20081114	10090000			55.05
20081114	10100000			55.05
20081114	10110000			55.13
20081114	10120000			55.05
20081114	10130000			55.08
20081114	10140000			55.07
20081114	10150000			55.12
20081114	10160000			55.02
20081114	10170000			55.07
20081114	10180000			55.08
20081114	10190000			55.13
20081114	10200000			55.11
20081114	10210000			55.11
20081114	10220000			55.15
20081114	10230000			55.17
20081114	10240000			55.08
20081114	10250000			55.12
20081114	10260000			55.04
20081114	10270000			55.10
20081114	10280000			55.09
20081114	10290000			55.18
20081114	10300000			55.12
20081114	10310000			55.09
20081114	10320000			55.15
20081114	10330000			55.17
20081114	10340000			55.22
20081114	10350000			55.34
20081114	10360000			55.31
20081114	10370000			55.30
20081114	10380000			55.37
20081114	10390000			55.39
20081114	10400000			55.39
20081114	10410000			55.48
20081114	10420000			55.45
20081114	10430000			55.30
20081114	10440000			55.27
20081114	10450000			55.28
20081114	10460000			55.30
20081114	10470000			55.32
20081114	10480000			55.36
20081114	10490000			55.33
20081114	10500000			55.29
20081114	10510000			55.27
20081114	10520000			55.16
20081114	10530000			55.08
20081114	10540000			55.08
20081114	10550000			55.12
20081114	10560000			55.09
20081114	10570000			55.11
20081114	10580000			55.14
20081114	10590000			55.17
20081114	11000000			55.21
20081114	11010000			55.20
20081114	11020000			55.19
20081114	11030000			55.16
20081114	11040000			55.07
20081114	11050000			55.15
20081114	11060000			55.07
20081114	11070000			55.05
20081114	11080000			54.99
20081114	11090000			54.99
20081114	11100000			55.00
20081114	11110000			55.04
20081114	11120000			55.06
20081114	11130000			54.98
20081114	11140000			54.95
20081114	11150000			54.98
20081114	11160000			54.99
20081114	11170000			54.96
20081114	11180000			54.89
20081114	11190000			54.90
20081114	11200000			54.93
20081114	11210000			54.94
20081114	11220000			55.04
20081114	11230000			55.00
20081114	11240000			54.98
20081114	11250000			54.94
20081114	11260000			54.92
20081114	11270000			54.88
20081114	11280000			54.82
20081114	11290000			54.85
20081114	11300000			54.81
20081114	11310000			54.76
20081114	11320000			54.76
20081114	11330000			54.72
20081114	11340000			54.75
20081114	11350000			54.78
20081114	11360000			54.81
20081114	11370000			54.68
20081114	11380000			54.71
20081114	11390000			54.79
20081114	11400000			54.67
20081114	11410000			54.80
20081114	11420000			54.68
20081114	11430000			54.74
20081114	11440000			54.68
20081114	11450000			54.68
20081114	11460000			54.64
20081114	11470000			54.72
20081114	11480000			54.77
20081114	11490000			54.77
20081114	11500000			54.67
20081114	11510000			54.75
20081114	11520000			54.81
20081114	11530000			54.76
20081114	11540000			54.88
20081114	11550000			54.94
20081114	11560000			54.99
20081114	11570000			55.01
20081114	11580000			55.01
20081114	11590000			55.01
20081114	12000000			54.97
20081114	12010000			54.94
20081114	12020000			54.84
20081114	12030000			54.86
20081114	12040000			54.80
20081114	12050000			54.76
20081114	12060000			54.81
20081114	12070000			54.86
20081114	12080000			54.94
20081114	12090000			54.89
20081114	12100000			54.90
20081114	12110000			54.85
20081114	12120000			54.74
20081114	12130000			54.68
20081114	12140000			54.64
20081114	12150000			54.63
20081114	12160000			54.60
20081114	12170000			54.68
20081114	12180000			54.65
20081114	12190000			54.48
20081114	12200000			54.48
20081114	12210000			54.35
20081114	12220000			54.49
20081114	12230000			54.52
20081114	12240000			54.50
20081114	12250000			54.48
20081114	12260000			54.38
20081114	12270000			54.36
20081114	12280000			54.37
20081114	12290000			54.39
20081114	12300000			54.42
20081114	12310000			54.59
20081114	12320000			54.50
20081114	12330000			54.46
20081114	12340000			54.42
20081114	12350000			54.43
20081114	12360000			54.36
20081114	12370000			54.30
20081114	12380000			54.28
20081114	12390000			54.16
20081114	12400000			54.19
20081114	12410000			54.27
20081114	12420000			54.31
20081114	12430000			54.38
20081114	12440000			54.47
20081114	12450000			54.45
20081114	12460000			54.41
20081114	12470000			54.39
20081114	12480000			54.38
20081114	12490000			54.27
20081114	12500000			54.32
20081114	12510000			54.38
20081114	12520000			54.46
20081114	12530000			54.35
20081114	12540000			54.21
20081114	12550000			54.14
20081114	12560000			54.21
20081114	12570000			54.22
20081114	12580000			54.11
20081114	12590000			54.07
20081114	13000000			53.97
20081114	13010000			54.00
20081114	13020000			54.03
20081114	13030000			54.10
20081114	13040000			54.07
20081114	13050000			54.03
20081114	13060000			53.98
20081114	13070000			54.09
20081114	13080000			54.27
20081114	13090000			54.19
20081114	13100000			54.13
20081114	13110000			54.16
20081114	13120000			54.14
20081114	13130000			54.20
20081114	13140000			54.34
20081114	13150000			54.43
20081114	13160000			54.56
20081114	13170000			54.53
20081114	13180000			54.33
20081114	13190000			54.28
20081114	13200000			54.27
20081114	13210000			54.21
20081114	13220000			54.20
20081114	13230000			54.22
20081114	13240000			54.13
20081114	13250000			54.16
20081114	13260000			54.12
20081114	13270000			54.18
20081114	13280000			54.09
20081114	13290000			53.99
20081114	13300000			53.96
20081114	13310000			54.01
20081114	13320000			54.13
20081114	13330000			54.05
20081114	13340000			53.91
20081114	13350000			53.86
20081114	13360000			53.85
20081114	13370000			53.88
20081114	13380000			53.90
20081114	13390000			53.86
20081114	13400000			53.89
20081114	13410000			53.95
20081114	13420000			54.01
20081114	13430000			54.00
20081114	13440000			53.84
20081114	13450000			53.85
