date_value:20140106 length:25
Date:20140102 count:13
2454|20140102|0|441|-2.5|329|1|
2454|20140102|0|442|-1.5|77|13|
2454|20140102|0|442.5|-1|49|13|
2454|20140102|0|443|-0.5|138|34|
2454|20140102|0|443.5|0|306|82|
2454|20140102|0|444|0.5|611|167|
2454|20140102|0|444.5|1|787|175|
2454|20140102|0|445|1.5|721|72|
2454|20140102|0|445.5|2|206|37|
2454|20140102|0|446|2.5|89|19|
2454|20140102|0|446.5|3|284|51|
2454|20140102|0|447|3.5|145|25|
2454|20140102|0|447.5|4|14|1|
============================================
Date:20140103 count:8
2454|20140103|0|438|-3|326|73|
2454|20140103|0|438.5|-2.5|170|29|
2454|20140103|0|439|-2|277|39|
2454|20140103|0|439.5|-1.5|202|48|
2454|20140103|0|441|0|76|15|
2454|20140103|0|441.5|0.5|87|15|
2454|20140103|0|442|1|10|2|
2454|20140103|0|443|2|218|1|
============================================
Date:20140106 count:7
2454|20140106|0|432|-3.5|105|11|
2454|20140106|0|432.5|-3|243|49|
2454|20140106|0|434|-1.5|149|44|
2454|20140106|0|434.5|-1|230|106|
2454|20140106|0|435|-0.5|336|112|
2454|20140106|0|437|1.5|94|27|
2454|20140106|0|437.5|2|55|11|
============================================
rp:432.0 ra:105 cnt:11
rp:432.5 ra:243 cnt:49
rp:434.0 ra:149 cnt:44
rp:434.5 ra:230 cnt:106
rp:435.0 ra:336 cnt:112
rp:437.0 ra:94 cnt:27
rp:437.5 ra:55 cnt:11
rp:438.0 ra:326 cnt:73
rp:438.5 ra:170 cnt:29
rp:439.0 ra:277 cnt:39
rp:439.5 ra:202 cnt:48
rp:441.0 ra:405 cnt:16
rp:441.5 ra:87 cnt:15
rp:442.0 ra:87 cnt:15
rp:442.5 ra:49 cnt:13
rp:443.0 ra:356 cnt:35
rp:443.5 ra:306 cnt:82
rp:444.0 ra:611 cnt:167
rp:444.5 ra:787 cnt:175
rp:445.0 ra:721 cnt:72
rp:445.5 ra:206 cnt:37
rp:446.0 ra:89 cnt:19
rp:446.5 ra:284 cnt:51
rp:447.0 ra:145 cnt:25
rp:447.5 ra:14 cnt:1
avg_value:441.4191 mid_value:443.0 m_cnt_value:444.5
m_ra_value:444.5 max_value:447.5 min_value:432.0
var_value:20.830698 var_value_ra:4.183241
&&&&&&&&&&&&&&&&&&&&&&&&&&&&&&&&&&&&&&
date_value:20140107 length:29
Date:20140103 count:8
2454|20140103|0|438|-3|326|73|
2454|20140103|0|438.5|-2.5|170|29|
2454|20140103|0|439|-2|277|39|
2454|20140103|0|439.5|-1.5|202|48|
2454|20140103|0|441|0|76|15|
2454|20140103|0|441.5|0.5|87|15|
2454|20140103|0|442|1|10|2|
2454|20140103|0|443|2|218|1|
============================================
Date:20140106 count:7
2454|20140106|0|432|-3.5|105|11|
2454|20140106|0|432.5|-3|243|49|
2454|20140106|0|434|-1.5|149|44|
2454|20140106|0|434.5|-1|230|106|
2454|20140106|0|435|-0.5|336|112|
2454|20140106|0|437|1.5|94|27|
2454|20140106|0|437.5|2|55|11|
============================================
Date:20140107 count:14
2454|20140107|0|418.5|-13|929|49|
2454|20140107|0|419|-12.5|869|91|
2454|20140107|0|419.5|-12|1591|182|
2454|20140107|0|420|-11.5|1994|159|
2454|20140107|0|420.5|-11|705|62|
2454|20140107|0|422|-9.5|547|72|
2454|20140107|0|422.5|-9|251|43|
2454|20140107|0|426.5|-5|57|2|
2454|20140107|0|427|-4.5|134|4|
2454|20140107|0|428.5|-3|145|13|
2454|20140107|0|429|-2.5|24|1|
2454|20140107|0|429.5|-2|28|1|
2454|20140107|0|430|-1.5|240|3|
2454|20140107|0|430.5|-1|48|2|
============================================
rp:418.5 ra:929 cnt:49
rp:419.0 ra:869 cnt:91
rp:419.5 ra:1591 cnt:182
rp:420.0 ra:1994 cnt:159
rp:420.5 ra:705 cnt:62
rp:422.0 ra:547 cnt:72
rp:422.5 ra:251 cnt:43
rp:426.5 ra:57 cnt:2
rp:427.0 ra:134 cnt:4
rp:428.5 ra:145 cnt:13
rp:429.0 ra:24 cnt:1
rp:429.5 ra:28 cnt:1
rp:430.0 ra:240 cnt:3
rp:430.5 ra:48 cnt:2
rp:432.0 ra:105 cnt:11
rp:432.5 ra:243 cnt:49
rp:434.0 ra:149 cnt:44
rp:434.5 ra:230 cnt:106
rp:435.0 ra:336 cnt:112
rp:437.0 ra:94 cnt:27
rp:437.5 ra:55 cnt:11
rp:438.0 ra:326 cnt:73
rp:438.5 ra:170 cnt:29
rp:439.0 ra:277 cnt:39
rp:439.5 ra:202 cnt:48
rp:441.0 ra:76 cnt:15
rp:441.5 ra:87 cnt:15
rp:442.0 ra:10 cnt:2
rp:443.0 ra:218 cnt:1
avg_value:424.84985 mid_value:422.5 m_cnt_value:419.5
m_ra_value:420.0 max_value:443.0 min_value:418.5
var_value:75.67949 var_value_ra:9.448741
&&&&&&&&&&&&&&&&&&&&&&&&&&&&&&&&&&&&&&
date_value:20140108 length:53
Date:20140106 count:7
2454|20140106|0|432|-3.5|105|11|
2454|20140106|0|432.5|-3|243|49|
2454|20140106|0|434|-1.5|149|44|
2454|20140106|0|434.5|-1|230|106|
2454|20140106|0|435|-0.5|336|112|
2454|20140106|0|437|1.5|94|27|
2454|20140106|0|437.5|2|55|11|
============================================
Date:20140107 count:14
2454|20140107|0|418.5|-13|929|49|
2454|20140107|0|419|-12.5|869|91|
2454|20140107|0|419.5|-12|1591|182|
2454|20140107|0|420|-11.5|1994|159|
2454|20140107|0|420.5|-11|705|62|
2454|20140107|0|422|-9.5|547|72|
2454|20140107|0|422.5|-9|251|43|
2454|20140107|0|426.5|-5|57|2|
2454|20140107|0|427|-4.5|134|4|
2454|20140107|0|428.5|-3|145|13|
2454|20140107|0|429|-2.5|24|1|
2454|20140107|0|429.5|-2|28|1|
2454|20140107|0|430|-1.5|240|3|
2454|20140107|0|430.5|-1|48|2|
============================================
Date:20140108 count:33
2454|20140108|0|402|-16.5|32|1|
2454|20140108|0|402.5|-16|229|5|
2454|20140108|0|403|-15.5|259|8|
2454|20140108|0|403.5|-15|169|15|
2454|20140108|0|404|-14.5|434|27|
2454|20140108|0|404.5|-14|139|15|
2454|20140108|0|405|-13.5|363|11|
2454|20140108|0|405.5|-13|299|27|
2454|20140108|0|406|-12.5|932|74|
2454|20140108|0|406.5|-12|502|38|
2454|20140108|0|407|-11.5|782|9|
2454|20140108|0|407.5|-11|70|1|
2454|20140108|0|408|-10.5|1118|83|
2454|20140108|0|408.5|-10|649|41|
2454|20140108|0|409|-9.5|245|11|
2454|20140108|0|409.5|-9|186|13|
2454|20140108|0|410|-8.5|1368|119|
2454|20140108|0|410.5|-8|878|111|
2454|20140108|0|411|-7.5|219|25|
2454|20140108|0|412|-6.5|268|3|
2454|20140108|0|412.5|-6|147|3|
2454|20140108|0|413|-5.5|151|3|
2454|20140108|0|413.5|-5|72|4|
2454|20140108|0|414|-4.5|354|11|
2454|20140108|0|414.5|-4|397|34|
2454|20140108|0|415|-3.5|2282|135|
2454|20140108|0|415.5|-3|905|115|
2454|20140108|0|416|-2.5|594|37|
2454|20140108|0|416.5|-2|199|10|
2454|20140108|0|417|-1.5|363|22|
2454|20140108|0|417.5|-1|119|6|
2454|20140108|0|418|-0.5|278|7|
2454|20140108|0|418.5|0|580|6|
============================================
rp:402.0 ra:32 cnt:1
rp:402.5 ra:229 cnt:5
rp:403.0 ra:259 cnt:8
rp:403.5 ra:169 cnt:15
rp:404.0 ra:434 cnt:27
rp:404.5 ra:139 cnt:15
rp:405.0 ra:363 cnt:11
rp:405.5 ra:299 cnt:27
rp:406.0 ra:932 cnt:74
rp:406.5 ra:502 cnt:38
rp:407.0 ra:782 cnt:9
rp:407.5 ra:70 cnt:1
rp:408.0 ra:1118 cnt:83
rp:408.5 ra:649 cnt:41
rp:409.0 ra:245 cnt:11
rp:409.5 ra:186 cnt:13
rp:410.0 ra:1368 cnt:119
rp:410.5 ra:878 cnt:111
rp:411.0 ra:219 cnt:25
rp:412.0 ra:268 cnt:3
rp:412.5 ra:147 cnt:3
rp:413.0 ra:151 cnt:3
rp:413.5 ra:72 cnt:4
rp:414.0 ra:354 cnt:11
rp:414.5 ra:397 cnt:34
rp:415.0 ra:2282 cnt:135
rp:415.5 ra:905 cnt:115
rp:416.0 ra:594 cnt:37
rp:416.5 ra:199 cnt:10
rp:417.0 ra:363 cnt:22
rp:417.5 ra:119 cnt:6
rp:418.0 ra:278 cnt:7
rp:418.5 ra:1509 cnt:55
rp:419.0 ra:869 cnt:91
rp:419.5 ra:1591 cnt:182
rp:420.0 ra:1994 cnt:159
rp:420.5 ra:705 cnt:62
rp:422.0 ra:547 cnt:72
rp:422.5 ra:251 cnt:43
rp:426.5 ra:57 cnt:2
rp:427.0 ra:134 cnt:4
rp:428.5 ra:145 cnt:13
rp:429.0 ra:24 cnt:1
rp:429.5 ra:28 cnt:1
rp:430.0 ra:240 cnt:3
rp:430.5 ra:48 cnt:2
rp:432.0 ra:105 cnt:11
rp:432.5 ra:243 cnt:49
rp:434.0 ra:149 cnt:44
rp:434.5 ra:230 cnt:106
rp:435.0 ra:336 cnt:112
rp:437.0 ra:94 cnt:27
rp:437.5 ra:55 cnt:11
avg_value:415.10495 mid_value:418.5 m_cnt_value:419.5
m_ra_value:415.0 max_value:437.5 min_value:402.0
var_value:93.22927 var_value_ra:7.938804
&&&&&&&&&&&&&&&&&&&&&&&&&&&&&&&&&&&&&&
date_value:20140109 length:47
Date:20140107 count:14
2454|20140107|0|418.5|-13|929|49|
2454|20140107|0|419|-12.5|869|91|
2454|20140107|0|419.5|-12|1591|182|
2454|20140107|0|420|-11.5|1994|159|
2454|20140107|0|420.5|-11|705|62|
2454|20140107|0|422|-9.5|547|72|
2454|20140107|0|422.5|-9|251|43|
2454|20140107|0|426.5|-5|57|2|
2454|20140107|0|427|-4.5|134|4|
2454|20140107|0|428.5|-3|145|13|
2454|20140107|0|429|-2.5|24|1|
2454|20140107|0|429.5|-2|28|1|
2454|20140107|0|430|-1.5|240|3|
2454|20140107|0|430.5|-1|48|2|
============================================
Date:20140108 count:33
2454|20140108|0|402|-16.5|32|1|
2454|20140108|0|402.5|-16|229|5|
2454|20140108|0|403|-15.5|259|8|
2454|20140108|0|403.5|-15|169|15|
2454|20140108|0|404|-14.5|434|27|
2454|20140108|0|404.5|-14|139|15|
2454|20140108|0|405|-13.5|363|11|
2454|20140108|0|405.5|-13|299|27|
2454|20140108|0|406|-12.5|932|74|
2454|20140108|0|406.5|-12|502|38|
2454|20140108|0|407|-11.5|782|9|
2454|20140108|0|407.5|-11|70|1|
2454|20140108|0|408|-10.5|1118|83|
2454|20140108|0|408.5|-10|649|41|
2454|20140108|0|409|-9.5|245|11|
2454|20140108|0|409.5|-9|186|13|
2454|20140108|0|410|-8.5|1368|119|
2454|20140108|0|410.5|-8|878|111|
2454|20140108|0|411|-7.5|219|25|
2454|20140108|0|412|-6.5|268|3|
2454|20140108|0|412.5|-6|147|3|
2454|20140108|0|413|-5.5|151|3|
2454|20140108|0|413.5|-5|72|4|
2454|20140108|0|414|-4.5|354|11|
2454|20140108|0|414.5|-4|397|34|
2454|20140108|0|415|-3.5|2282|135|
2454|20140108|0|415.5|-3|905|115|
2454|20140108|0|416|-2.5|594|37|
2454|20140108|0|416.5|-2|199|10|
2454|20140108|0|417|-1.5|363|22|
2454|20140108|0|417.5|-1|119|6|
2454|20140108|0|418|-0.5|278|7|
2454|20140108|0|418.5|0|580|6|
============================================
Date:20140109 count:15
2454|20140109|0|407.5|0.5|59|1|
2454|20140109|0|408|1|205|3|
2454|20140109|0|408.5|1.5|145|3|
2454|20140109|0|409|2|345|3|
2454|20140109|0|410|3|37|1|
2454|20140109|0|410.5|3.5|2|1|
2454|20140109|0|411|4|399|45|
2454|20140109|0|411.5|4.5|1154|200|
2454|20140109|0|412|5|3063|386|
2454|20140109|0|412.5|5.5|1497|222|
2454|20140109|0|413|6|1090|115|
2454|20140109|0|413.5|6.5|220|18|
2454|20140109|0|414|7|174|4|
2454|20140109|0|414.5|7.5|184|4|
2454|20140109|0|415|8|96|1|
============================================
rp:402.0 ra:32 cnt:1
rp:402.5 ra:229 cnt:5
rp:403.0 ra:259 cnt:8
rp:403.5 ra:169 cnt:15
rp:404.0 ra:434 cnt:27
rp:404.5 ra:139 cnt:15
rp:405.0 ra:363 cnt:11
rp:405.5 ra:299 cnt:27
rp:406.0 ra:932 cnt:74
rp:406.5 ra:502 cnt:38
rp:407.0 ra:782 cnt:9
rp:407.5 ra:129 cnt:2
rp:408.0 ra:1323 cnt:86
rp:408.5 ra:794 cnt:44
rp:409.0 ra:590 cnt:14
rp:409.5 ra:186 cnt:13
rp:410.0 ra:1405 cnt:120
rp:410.5 ra:880 cnt:112
rp:411.0 ra:618 cnt:70
rp:411.5 ra:1154 cnt:200
rp:412.0 ra:3331 cnt:389
rp:412.5 ra:1644 cnt:225
rp:413.0 ra:1241 cnt:118
rp:413.5 ra:292 cnt:22
rp:414.0 ra:528 cnt:15
rp:414.5 ra:581 cnt:38
rp:415.0 ra:2378 cnt:136
rp:415.5 ra:905 cnt:115
rp:416.0 ra:594 cnt:37
rp:416.5 ra:199 cnt:10
rp:417.0 ra:363 cnt:22
rp:417.5 ra:119 cnt:6
rp:418.0 ra:278 cnt:7
rp:418.5 ra:1509 cnt:55
rp:419.0 ra:869 cnt:91
rp:419.5 ra:1591 cnt:182
rp:420.0 ra:1994 cnt:159
rp:420.5 ra:705 cnt:62
rp:422.0 ra:547 cnt:72
rp:422.5 ra:251 cnt:43
rp:426.5 ra:57 cnt:2
rp:427.0 ra:134 cnt:4
rp:428.5 ra:145 cnt:13
rp:429.0 ra:24 cnt:1
rp:429.5 ra:28 cnt:1
rp:430.0 ra:240 cnt:3
rp:430.5 ra:48 cnt:2
avg_value:413.5148 mid_value:412.5 m_cnt_value:412.0
m_ra_value:412.0 max_value:430.5 min_value:402.0
var_value:22.577194 var_value_ra:1.9309908
&&&&&&&&&&&&&&&&&&&&&&&&&&&&&&&&&&&&&&
date_value:20140110 length:35
Date:20140108 count:33
2454|20140108|0|402|-16.5|32|1|
2454|20140108|0|402.5|-16|229|5|
2454|20140108|0|403|-15.5|259|8|
2454|20140108|0|403.5|-15|169|15|
2454|20140108|0|404|-14.5|434|27|
2454|20140108|0|404.5|-14|139|15|
2454|20140108|0|405|-13.5|363|11|
2454|20140108|0|405.5|-13|299|27|
2454|20140108|0|406|-12.5|932|74|
2454|20140108|0|406.5|-12|502|38|
2454|20140108|0|407|-11.5|782|9|
2454|20140108|0|407.5|-11|70|1|
2454|20140108|0|408|-10.5|1118|83|
2454|20140108|0|408.5|-10|649|41|
2454|20140108|0|409|-9.5|245|11|
2454|20140108|0|409.5|-9|186|13|
2454|20140108|0|410|-8.5|1368|119|
2454|20140108|0|410.5|-8|878|111|
2454|20140108|0|411|-7.5|219|25|
2454|20140108|0|412|-6.5|268|3|
2454|20140108|0|412.5|-6|147|3|
2454|20140108|0|413|-5.5|151|3|
2454|20140108|0|413.5|-5|72|4|
2454|20140108|0|414|-4.5|354|11|
2454|20140108|0|414.5|-4|397|34|
2454|20140108|0|415|-3.5|2282|135|
2454|20140108|0|415.5|-3|905|115|
2454|20140108|0|416|-2.5|594|37|
2454|20140108|0|416.5|-2|199|10|
2454|20140108|0|417|-1.5|363|22|
2454|20140108|0|417.5|-1|119|6|
2454|20140108|0|418|-0.5|278|7|
2454|20140108|0|418.5|0|580|6|
============================================
Date:20140109 count:15
2454|20140109|0|407.5|0.5|59|1|
2454|20140109|0|408|1|205|3|
2454|20140109|0|408.5|1.5|145|3|
2454|20140109|0|409|2|345|3|
2454|20140109|0|410|3|37|1|
2454|20140109|0|410.5|3.5|2|1|
2454|20140109|0|411|4|399|45|
2454|20140109|0|411.5|4.5|1154|200|
2454|20140109|0|412|5|3063|386|
2454|20140109|0|412.5|5.5|1497|222|
2454|20140109|0|413|6|1090|115|
2454|20140109|0|413.5|6.5|220|18|
2454|20140109|0|414|7|174|4|
2454|20140109|0|414.5|7.5|184|4|
2454|20140109|0|415|8|96|1|
============================================
Date:20140110 count:13
2454|20140110|0|413|1|82|7|
2454|20140110|0|413.5|1.5|152|18|
2454|20140110|0|414|2|111|14|
2454|20140110|0|414.5|2.5|106|15|
2454|20140110|0|415|3|427|14|
2454|20140110|0|415.5|3.5|266|19|
2454|20140110|0|416|4|449|63|
2454|20140110|0|416.5|4.5|943|211|
2454|20140110|0|417|5|1508|201|
2454|20140110|0|417.5|5.5|1920|307|
2454|20140110|0|418|6|876|103|
2454|20140110|0|418.5|6.5|83|2|
2454|20140110|0|419|7|149|5|
============================================
rp:402.0 ra:32 cnt:1
rp:402.5 ra:229 cnt:5
rp:403.0 ra:259 cnt:8
rp:403.5 ra:169 cnt:15
rp:404.0 ra:434 cnt:27
rp:404.5 ra:139 cnt:15
rp:405.0 ra:363 cnt:11
rp:405.5 ra:299 cnt:27
rp:406.0 ra:932 cnt:74
rp:406.5 ra:502 cnt:38
rp:407.0 ra:782 cnt:9
rp:407.5 ra:129 cnt:2
rp:408.0 ra:1323 cnt:86
rp:408.5 ra:794 cnt:44
rp:409.0 ra:590 cnt:14
rp:409.5 ra:186 cnt:13
rp:410.0 ra:1405 cnt:120
rp:410.5 ra:880 cnt:112
rp:411.0 ra:618 cnt:70
rp:411.5 ra:1154 cnt:200
rp:412.0 ra:3331 cnt:389
rp:412.5 ra:1644 cnt:225
rp:413.0 ra:1323 cnt:125
rp:413.5 ra:444 cnt:40
rp:414.0 ra:639 cnt:29
rp:414.5 ra:687 cnt:53
rp:415.0 ra:2805 cnt:150
rp:415.5 ra:1171 cnt:134
rp:416.0 ra:1043 cnt:100
rp:416.5 ra:1142 cnt:221
rp:417.0 ra:1871 cnt:223
rp:417.5 ra:2039 cnt:313
rp:418.0 ra:1154 cnt:110
rp:418.5 ra:663 cnt:8
rp:419.0 ra:149 cnt:5
avg_value:412.53445 mid_value:413.0 m_cnt_value:412.0
m_ra_value:412.0 max_value:419.0 min_value:402.0
var_value:13.22182 var_value_ra:1.2730497
&&&&&&&&&&&&&&&&&&&&&&&&&&&&&&&&&&&&&&
